site,A,C,D,E,F,G,H,I,K,L,M,N,P,Q,R,S,T,V,W,Y
1,0.050009196649941384,0.041214485060397245,0.060680601635749364,0.055087095948497276,0.03990707324119272,0.04842279772555248,0.05164756823319163,0.0439592099039221,0.053339615172668685,0.04688672277587005,0.05164756823319163,0.055087095948497276,0.050009196649941384,0.05689182665108303,0.05164756823319163,0.050009196649941384,0.06684206802840101,0.04842279772555248,0.03288894011668239,0.04539937541653494
2,0.052668036986558295,0.039404618925136324,0.049379550457964085,0.0681627544453378,0.02591475646411963,0.04069556963461595,0.05991659596666638,0.052668036986558295,0.04482776967670943,0.052668036986558295,0.052668036986558295,0.052668036986558295,0.06390680885536687,0.049379550457964085,0.052668036986558295,0.046296390428466574,0.04781312526058165,0.052668036986558295,0.04781312526058165,0.04781312526058165
3,0.05688045548418066,0.037407877341517515,0.05688045548418066,0.03622121927952834,0.03622121927952834,0.04687735136381363,0.04687735136381363,0.04841311929286313,0.05688045548418066,0.05688045548418066,0.055076085499385856,0.04841311929286313,0.06470875818886893,0.06265605766044556,0.058743939166191,0.045390301285758806,0.058743939166191,0.049999201138191555,0.029851287380503102,0.04687735136381363
4,0.05554343504911331,0.04291733389197401,0.07667128374378838,0.06318772726023279,0.03010459125258418,0.05554343504911331,0.05736311606213913,0.03210944026122864,0.05554343504911331,0.03210944026122864,0.052075414436203955,0.061183277093558704,0.03424780443750113,0.06318772726023279,0.061183277093558704,0.050423470654203675,0.053781478218741366,0.04882393007030434,0.02822492099245612,0.04577546186272337
5,0.05863924209844867,0.036156663590848855,0.0515452141744339,0.06254438817408739,0.046793803659982716,0.039827986247184866,0.046793803659982716,0.04832683444880657,0.046793803659982716,0.0515452141744339,0.053233907851060656,0.05677907963187027,0.06254438817408739,0.04832683444880657,0.04991008948134781,0.053233907851060656,0.0549779255064341,0.039827986247184866,0.04387209247114899,0.04832683444880657
6,0.03451849526452906,0.31919189538205206,0.06792847357237738,0.04467369302446454,0.05082201214313074,0.03926918207849514,0.03236322969627336,0.028448007620394233,0.015923988512906485,0.02344508737614722,0.028448007620394233,0.06166686289267051,0.015923988512906485,0.03564936969416316,0.013123565876515456,0.03926918207849514,0.04920982896883381,0.04325654771300165,0.02344508737614722,0.033423494596102284
7,0.05988071906402877,0.04480092767238315,0.09711515481515523,0.07749737759570093,0.018762340220507347,0.049349982935051814,0.05988071906402877,0.01403741071119732,0.06812193990196641,0.03351868767908326,0.043379746205130444,0.07265859687011811,0.08003630062855792,0.04067120191201743,0.05096675775030509,0.05798117428669989,0.052636500381305684,0.022043827650017674,0.022043827650017674,0.03461680700672726
8,0.007642835650397872,0.008151818859914705,0.004866923509208699,0.006098942244679791,0.17428279682986944,0.005361107561924632,0.007642835650397872,0.10746190143573767,0.0014297316152950329,0.1582175010190291,0.10746190143573767,0.004563042572848459,0.008694698376956684,0.006098942244679791,0.0008265221956530521,0.006298752166273074,0.008694698376956684,0.029597465344960553,0.19826886512328082,0.14833871778619842
9,0.06293459518611766,0.019093671351599752,0.07636413610736201,0.057133317568410835,0.04414580524721825,0.06293459518611766,0.06499642099543936,0.031980808807552094,0.04414580524721825,0.030966308993677413,0.03880515683593585,0.06712579511670956,0.04007646832467261,0.053566027881772914,0.045592083885586,0.06712579511670956,0.053566027881772914,0.035228118052446925,0.04708574464526936,0.057133317568410835
10,0.07263439150182875,0.02350402836493508,0.1002633710981299,0.0970828020284233,0.01233508943184019,0.040657652773120466,0.040657652773120466,0.027614825457191572,0.06809924586829466,0.049333542560980846,0.054342836409854836,0.046253255172236524,0.049333542560980846,0.0826308656616619,0.039367904867771315,0.07033027289423104,0.054342836409854836,0.04198965463292667,0.012739204301819834,0.016487025230797
11,0.015432423700206765,0.014468854136096372,0.011924334174120548,0.010825155371971972,0.04769074847336344,0.008099051087603906,0.010149254395830516,0.2632898629455718,0.0011335329227078412,0.15220682909082828,0.04617789569528279,0.009213701506536139,0.012314992124433403,0.010825155371971972,0.0029814953643580526,0.014942874137351498,0.03684971543405044,0.2468505723064902,0.054254296744640385,0.030369255016583857
12,0.013148737036769045,0.012327756284733836,0.0021621411379251915,0.0024597107543050203,0.3198041093508702,0.0033953460207171407,0.0022329759210581684,0.1971896154005095,0.010159773826840232,0.12968329601324616,0.1215861312749421,0.0018402805664503009,0.0009974337056048678,0.0041198750050088035,0.006264465761672793,0.004254847901734136,0.02587521934161841,0.09394724305304515,0.030400731937991487,0.01815030970495715
13,0.05005838887134334,0.014705400864565673,0.05169837206091923,0.07611615954070976,0.03994632837252639,0.08942868973576704,0.06273022824590949,0.007717504079687521,0.06273022824590949,0.026271015927765175,0.03511372210417111,0.17040285535042712,0.001490997336840514,0.06690781813097582,0.044002450974187354,0.06074029092872808,0.055141283114095184,0.01211928134903373,0.03399983956438004,0.03867914520205776
14,0.1364792979527577,0.03758951998329271,0.03639709982731206,0.05902918401451566,0.00939867819386213,0.048648200444478575,0.03097895614327444,0.03639709982731206,0.09887051124276666,0.018495529959067968,0.0341245379603763,0.08690940563297299,0.012562231135378929,0.09887051124276666,0.07889814269919654,0.08690940563297299,0.04140633388838947,0.03097895614327444,0.007031804369766905,0.010024593706264748
15,0.06627567336606435,0.012398071850661392,0.06627567336606435,0.07300525947904687,0.015043682150856223,0.03157578446298744,0.042204051944665824,0.025197308247782706,0.0778671265897599,0.04358671601520012,0.029604255851377534,0.04958543743832878,0.08041816311944112,0.0601664169330968,0.06417326692916356,0.09148589664047574,0.0975785025040037,0.03956891564164499,0.013223735346649487,0.02076606212272921
16,0.04847499555593066,0.03511702994519151,0.05339711313470302,0.05170324223660963,0.04847499555593066,0.03626751321236107,0.06691412109210146,0.05006310455462045,0.05006310455462045,0.04544831411914148,0.04847499555593066,0.0569531537543675,0.015188601156165903,0.05006310455462045,0.05170324223660963,0.05881901913390559,0.06273613766279201,0.06273613766279201,0.04261061259694011,0.06479146172466564
17,0.018152829882936865,0.011938350842693108,1.2443551161551284e-05,0.0026238822264382077,0.2998778149636178,0.01273339870270245,0.029440442799785926,0.023493316945045927,0.0017256167105146778,0.018152829882936865,0.07497981037199425,0.0002930517625213468,0.02672663839118222,0.010494079204554203,0.0069015134347036105,0.017019403616430378,0.009224531914209879,0.029440442799785926,0.2998778149636178,0.1068917870331671
18,0.08511459481810704,0.036813239481771974,0.06792099447381587,0.05597628035545916,0.03341981458391876,0.06166007321344916,0.08511459481810704,0.003499484192138913,0.04055123040073386,0.011168736272538045,0.032359666421965284,0.08511459481810704,0.0701461817334902,0.0578101419891981,0.03926485844117858,0.08790306859515999,0.04764354144761173,0.017538968013804716,0.019319862715995405,0.06166007321344916
19,0.08457992605781828,0.17189660570807422,0.050497200393169274,0.006212512865717089,0.0003641390888131205,0.03778046519536912,0.02484661903466819,2.8396662587497424e-07,0.015320301109932773,0.0005361265330840153,0.015320301109932773,0.10946298857417573,0.1775281801566834,0.01742879256969052,0.011462182029098886,0.25308552170974513,0.021840737598592192,0.0005191194501393661,0.0005536907919738321,0.0007643060566961868
20,0.1155577403297084,0.0035546679694684977,7.994642368950053e-08,1.573254710896626e-07,7.027470656317298e-08,0.0009179077588482424,7.994642368950053e-08,0.1998936696562603,7.994642368950053e-08,0.001806338093852993,4.643003818694481e-06,0.00016099005207332006,0.2064424672770038,7.63482419024016e-07,7.994642368950053e-08,0.020267446760116898,0.031827244530898136,0.4195647957253902,1.0685603146730864e-07,6.711182375266222e-07
21,0.01514606157251385,0.03616593671454627,3.893137279154709e-05,0.0019874660465991315,0.19333020791802843,0.0012254616307024243,0.10478514483310249,0.01960196990149286,7.912244843827247e-05,0.012891389133321838,0.03857444782039403,0.020907385065404543,0.018378062240544342,0.009644944168772322,1.739000544589655e-05,0.025368787930739847,0.017795070708510094,0.09824257068574262,0.13561249868873576,0.2502071511141736
22,0.07995377824596389,0.05608400137932681,0.07258368135700004,0.07258368135700004,0.03139344609434043,0.04333501900028642,0.06589295609179627,0.01647551471325894,0.06177873215570341,0.029433302324529245,0.07496162479359268,0.07028117138390559,2.563533465683467e-06,0.07258368135700004,0.06805170196313755,0.06589295609179627,0.03348412783627468,0.014956810501949231,0.019357041952978174,0.050914207866694566
23,0.005361861533628158,0.007894335772273813,0.00018168354466974832,0.0011048812267005948,0.31139783904074875,0.0003692458257813076,0.01885018402814053,7.858064594113303e-05,0.00014498250341047337,0.0003938361655588063,0.0017919075298453466,7.133712366002363e-05,0.05461545982092285,0.005027077660327093,0.0021742806177785807,0.017112584058382903,5.6926645685677556e-05,0.006939298899252209,0.4030097883230492,0.16342390903424284
24,0.06600429195433788,0.029483034227544565,0.06600429195433788,0.07508828350871072,0.011955622030186169,0.06188311643043076,0.05992005131602278,0.021358570206555037,0.08271269597083523,0.012347305014646997,0.03577438500957987,0.07508828350871072,0.004126408093584595,0.07508828350871072,0.08822104069899042,0.08542248016515487,0.0800888719402288,0.0448303548637115,0.002544322606145028,0.022058306991575287
25,0.004181116712051658,0.0013973084669379595,2.144333303572237e-06,0.009983717660213791,3.6584092853774834e-05,0.0005851837944384009,0.17591071371433464,1.2626770607762039e-05,0.01842011302382886,5.191493213832133e-07,0.0006875310092759131,0.007003131650686005,1.0076095862345534e-05,0.03866270988656753,0.5988144760450768,0.06687938805337192,0.0760838167086895,0.0002787996926468248,0.0010122605007671127,3.778263916417003e-05
26,0.049797118798482164,0.04103970361965963,0.022243555903674266,0.03973783624244105,0.048217447438181064,0.0042973845263693435,0.049797118798482164,0.06873915921198528,0.0781995431241155,0.06240281995982721,0.07331692059213266,0.03171058220499281,1.0308707467539754e-07,0.05311341375890343,0.0861398707393923,0.048217447438181064,0.08896193399691986,0.08076147008676056,0.020193156713521686,0.05311341375890343
27,0.05888141337706756,0.053453755909610386,0.05011621066834045,0.06280268712053566,0.03872382298199278,0.015702840744390358,0.04698705505372947,0.053453755909610386,0.07144605049135314,0.05011621066834045,0.04852641702987783,0.05520497609643583,0.03295931872458943,0.05175808818126962,0.06081045125251824,0.05011621066834045,0.04852641702987783,0.06280268712053566,0.037495420303244056,0.05011621066834045
28,0.012899257927739168,0.03285222032626354,0.0003602174328263992,0.0037893500561984967,0.1700453368561931,0.011338738168892018,0.015651815748790668,0.12318695686169136,0.002190608289724987,0.12318695686169136,0.11927920250938548,0.006554879718004826,0.00010928604938451035,0.006145606183570352,0.0018645100421863883,0.009967006162905877,0.008483298072246707,0.0784449023638017,0.15437064785911744,0.11927920250938548
29,0.05672553978692044,0.05149660960400588,0.05858394821291404,0.03979043043926823,0.046749679433087665,0.046749679433087665,0.05858394821291404,0.037305995819084954,0.04986302675208927,0.023756291040602735,0.0361225696573947,0.06883013751405671,0.0361225696573947,0.07830304252296985,0.05492608406014152,0.060503240711422004,0.05672553978692044,0.048281264650210313,0.04383072327242723,0.046749679433087665
30,0.04444520658616423,0.03906833735443868,0.08468859525169735,0.06135146380856561,0.03782900594124716,0.09032852720789962,0.0820020914600901,0.00945855795427841,0.06336142400845372,0.013925953131068546,0.0274046922377299,0.09328781673958704,0.0820020914600901,0.05221856454686663,0.05056207973647969,0.05569611840189981,0.030187345765743966,0.00831428541856059,0.041670137085159493,0.032197705903979155
31,0.04165729062094997,0.27905577856965796,0.017445805252300862,0.043022042021903364,0.04165729062094997,0.027396243659860195,0.03017803932511077,0.03324229660149618,0.03781734365729756,0.02922072722388593,0.032187779690497326,0.04165729062094997,0.08197681107930099,0.04443150459726684,0.03324229660149618,0.03905629299767249,0.03905629299767249,0.043022042021903364,0.02922072722388593,0.035456104615941605
32,0.043590871990742894,0.043590871990742894,0.03261336092415978,0.04959016538950545,0.05641512525559813,0.02960707860506326,0.04959016538950545,0.06628199272440954,0.05462551654320041,0.05289267805561349,0.06417938582391498,0.04220807608375506,0.0112562973416744,0.05289267805561349,0.05826336406517684,0.04220807608375506,0.07540420348203843,0.05826336406517684,0.05826336406517684,0.05826336406517684
33,0.08669541156541133,0.06486286276750275,0.010327521615994028,0.0190544366234183,0.058883838466469246,0.05701591687874653,0.044055092013637796,0.03872541786104409,0.015205339194372162,0.07144899306779454,0.05520724976812226,0.02167684701879394,0.053455957455556764,0.08128232405853221,0.014255948331064312,0.04698899026218818,0.048528415638486075,0.05701591687874653,0.10519524577994255,0.05011827475417627
34,0.02987180933028038,0.05003357423177319,0.22042534466423838,0.08380337872164843,0.018418808329610074,0.02987180933028038,0.04398063834725815,0.023837545144645717,0.05167274445887331,0.011729014644757105,0.01567694838768991,0.10845798424101565,0.035096315743766246,0.05003357423177319,0.03398298537104191,0.06269913199932281,0.035096315743766246,0.028006673506204904,0.02987180933028038,0.0374335942417735
35,0.04146047830791382,0.024753368548468282,0.011793271804304879,0.014778634485250092,0.10559280044124077,0.03203570663730652,0.017932230309499676,0.08987404901585269,0.015262803326220755,0.10559280044124077,0.11631462049058877,0.017932230309499676,0.031019465346585437,0.015262803326220755,0.014778634485250092,0.02726680849970393,0.036444693991234685,0.07406862934451101,0.1022431704478665,0.10559280044124077
36,0.053401893356848945,0.017280513958308777,0.06911250830798954,0.06274175393410333,0.0280257120251371,0.058824284736507665,0.06479726199292024,0.04401053572923886,0.058824284736507665,0.04545238274804093,0.05515141445353955,0.07613014468225811,0.014708102749603713,0.06075145099738437,0.05695825232076696,0.058824284736507665,0.05695825232076696,0.050067586309289126,0.0399536678791436,0.0280257120251371
37,0.06766122117175116,0.03550911364054487,0.040396136572888826,0.050622062048043814,0.059475736926243826,0.04171957079434606,0.050622062048043814,0.04308636258133098,0.055762191275964844,0.050622062048043814,0.053993295029120966,0.050622062048043814,0.04449793238864066,0.050622062048043814,0.04171957079434606,0.050622062048043814,0.04595574720716815,0.04746132208849039,0.07453149485225974,0.04449793238864066
38,0.014125611632564962,0.008995126217702118,0.01023310102468364,0.0084334885892204,0.17458513443102577,0.007413226365361058,0.009289819197595242,0.18030478886002874,0.007656094082317742,0.20511964757180126,0.122463667572006,0.0084334885892204,0.009289819197595242,0.011272163037197564,0.007906918487095987,0.0084334885892204,0.011272163037197564,0.09462529831250319,0.05649464209608639,0.04365231310957633
39,0.054432957784164,0.04072507883672273,0.03249839655027425,0.03943319203209225,0.043437211124044924,0.04205928966915751,0.044860275222823244,0.06395314900874091,0.04941535659478656,0.06604834407313538,0.06821218067318377,0.04205928966915751,0.03249839655027425,0.05805798163967969,0.051034273143032514,0.051034273143032514,0.05996004273386501,0.056216258000924016,0.04784779554998511,0.056216258000924016
40,0.051261689546824654,0.015058888445618947,0.06220036255211409,0.07076082962739492,0.03371265188654966,0.06220036255211409,0.06423813386818994,0.010909200308764138,0.06220036255211409,0.04090655591874644,0.048061012529932334,0.07076082962739492,0.048061012529932334,0.07547322641561455,0.060227233710633515,0.06634266543720067,0.06634266543720067,0.016587957580848287,0.029634180110358344,0.04506017936245323
41,0.05253309497841185,0.03036917456500906,0.07251585767908852,0.059763082256195164,0.03805686309639642,0.050866632588465216,0.04769062213520282,0.04059130256480736,0.04617777336483947,0.04471291540062457,0.04471291540062457,0.059763082256195164,0.04192113069851667,0.050866632588465216,0.049253033957987684,0.07021549921845369,0.06374307172722261,0.039303659430303416,0.049253033957987684,0.04769062213520282
42,0.06744474070581151,0.03775270629094467,0.04885939548522332,0.06965432522254683,0.05046009796597131,0.06744474070581151,0.04435556231358109,0.04435556231358109,0.05740478429141237,0.03898953802033317,0.05928544572222882,0.03539550307702139,0.04294850879025655,0.05211324171019436,0.07429303310927937,0.036555109515456485,0.04026689009586674,0.045808712888311266,0.04885939548522332,0.03775270629094467
43,0.05097795030161893,0.04481076617700881,0.04936082043464408,0.05437288405997561,0.052648059616334626,0.05437288405997561,0.05437288405997561,0.052648059616334626,0.04936082043464408,0.052648059616334626,0.057993907238472496,0.0018423934016157128,0.043389272611298185,0.06597545128599928,0.05437288405997561,0.05615421617708189,0.05615421617708189,0.04481076617700881,0.04936082043464408,0.05437288405997561
44,0.04315501979321135,0.015382655718322187,0.050702727238411016,0.039177012948523215,0.10990850996025689,0.050702727238411016,0.050702727238411016,0.06776903790353733,0.044568838907297875,0.04909432803700746,0.054079332208284925,0.005662801261482364,0.03793423411251526,0.039177012948523215,0.03443747652392703,0.035565696665726,0.039177012948523215,0.039177012948523215,0.10304604317657155,0.0905797922225339
45,0.06942295302283741,0.021062168515671942,0.09279040775573875,0.07404625241850878,0.01792681279071687,0.05539914768667858,0.06942295302283741,0.011415714089283241,0.05029248362434015,0.015258192269912032,0.025556600443530815,0.06942295302283741,0.029073885997447844,0.09583035195499004,0.032026028307314505,0.10556089972561052,0.0869967609189412,0.01792681279071687,0.01912066898859959,0.041447952653485984
46,0.0333823064273468,0.034475957713464414,0.0032773010668310527,0.05075938357487539,0.05242233233637029,0.010802302613570583,0.07236296267090853,0.06159087008622889,0.059637075652358804,0.06784476450883956,0.06360867357232135,0.04183274269861975,0.0029752011920440996,0.07473367505306702,0.05242233233637029,0.06159087008622889,0.07718205530552098,0.06360867357232135,0.05774525976635592,0.05774525976635592
47,0.02786207890510704,0.05140596519031763,4.5395574621185845e-07,0.00020091553484056772,0.18664377844880067,0.00044979385491434275,0.025293767243500714,0.11143292175526986,0.018924025204615325,0.09795204733913633,0.019544002872982642,0.012445533490126788,0.013709244367588814,0.00225430937847066,0.023714475179532617,0.012853266662713895,0.04518700090171384,0.11508362092007232,0.14894074361376422,0.08610205518078554
48,0.05652956010651205,0.049690756200168974,0.0708395193707959,0.06859233795493148,0.015569533703243562,0.004428693307997583,0.045110288638592365,0.05473632127532491,0.0780325152559522,0.06430957003276379,0.05131869522663338,0.07316032160884492,1.8377041917413501e-07,0.07555715659070662,0.10098935674213594,0.05473632127532491,0.04658816510869505,0.05838154796267479,0.011279130096229165,0.020150025772053222
49,0.005923118199166614,0.6145403441884177,1.209345517800112e-07,1.2721853770047246e-06,0.07560497938593025,2.9822936192031115e-07,0.00019433472016992196,0.011286269056365194,1.6164057970471648e-07,0.026949480594782676,0.026949480594782676,1.3821347915688692e-05,4.6190259198984265e-06,4.135713059837349e-05,1.0484564585517774e-06,0.0034241312192550954,0.03377150377660685,0.04097796614597063,0.1394923527337876,0.020823340434001948
50,0.0006887189990650468,0.0038022622138783684,1.6906046674066393e-05,0.0009506968690424391,0.2767209650814153,5.370838131603631e-07,0.05702194982757076,0.029925544667497365,0.002270084710529768,0.002270084710529768,0.01000096859795755,0.002582510307829247,5.998491718966515e-08,0.0032362500014514618,0.004188341293770991,0.007245061287941208,0.026305227591158588,0.014724551103209927,0.2432439591857369,0.31480532043601084
51,0.02720317378575048,0.015227183311366346,0.024695599648709318,0.02550466220932171,0.010681188413770085,0.145418471683442,0.08966430281834581,0.009091165752166225,0.1160431678340154,0.017890380441140323,0.02241917236615952,0.13633883415562215,0.0063770463856711816,0.09876875421703298,0.13201387406136378,0.06090032019030772,0.02634023079676868,0.015227183311366346,0.0088027744854232,0.011392514132256745
52,0.04715618565301224,0.08985425937079689,0.01477538033197587,0.02039570251378244,0.10556954963565157,0.012176954095394776,0.03886320995527669,0.10902815648731314,0.02039570251378244,0.09279801122143341,0.06942864170396833,0.01792828175619903,0.028153906815546786,0.01792828175619903,0.006816142617954242,0.018515637469418523,0.07647837804498755,0.10902815648731314,0.03528081986602543,0.06942864170396833
53,0.05405598423310857,0.03555034168686489,0.05954479154872003,0.07461803004300471,0.03555034168686489,0.03671502085582459,0.043136388233062144,0.06559092856936453,0.057655903112317566,0.04454959695104666,0.049073132265804266,0.05582693426640114,0.043136388233062144,0.04751642731035769,0.04600910437326662,0.05582693426640114,0.06773977959449233,0.05405598423310857,0.029298391585880986,0.04454959695104666
54,0.056371672234522906,0.032588240904428356,0.03475849134638052,0.0511753613749755,0.05821848746204662,0.03155447204226504,0.049551969205556004,0.05821848746204662,0.06209561291091131,0.056371672234522906,0.0511753613749755,0.03055349654453991,0.05458344194510562,0.060125806952605554,0.060125806952605554,0.040837666496249266,0.0464580436954905,0.060125806952605554,0.060125806952605554,0.044984294955560986
55,0.050187385502018594,0.021706738373108915,0.04859533404525146,0.060896814002137006,0.04859533404525146,0.04705378587363537,0.0518315948025539,0.044115841917146216,0.044115841917146216,0.04859533404525146,0.0518315948025539,0.0518315948025539,0.044115841917146216,0.05528337797358238,0.09259650009952868,0.04859533404525146,0.050187385502018594,0.044115841917146216,0.04556113891469951,0.050187385502018594
56,0.05640932035690541,0.03478170499047103,0.05120953911339699,0.0662751725631288,0.030573901860393177,0.05120953911339699,0.0641727820127707,0.04801211826490584,0.06213708379764606,0.049585062752846625,0.05288723560314514,0.07068884198969917,0.010898101971399902,0.0641727820127707,0.05120953911339699,0.07068884198969917,0.06016596229391033,0.04801211826490584,0.016045411785278744,0.04086494014993245
57,0.035698923731639444,0.023477676977266094,0.03240821586884753,0.034566477341705676,0.0680228968442049,0.030384711910883853,0.02201177794476313,0.10682062704715757,0.02201177794476313,0.1847800681677883,0.12152206001761483,0.028487551479032973,0.023477676977266094,0.03346995457892981,0.019348848448928244,0.027583865276250025,0.030384711910883853,0.04620139863772799,0.07991993518216017,0.02942084371218627
58,0.05986249592188064,0.02589135744649018,0.0826332474104184,0.05612480181611074,0.02203711918340215,0.06182367544066738,0.05612480181611074,0.029454714698134904,0.04776995371226167,0.03141628444897455,0.05986249592188064,0.07501615847447123,0.06594089242521417,0.06384910595744002,0.05986249592188064,0.057963529221686357,0.04776995371226167,0.044787293673224454,0.02507002808398124,0.026739594713508022
59,0.049422901557160365,0.04073129692779131,0.06822259562052158,0.07514987087495249,0.04633703477203148,0.05806684619752477,0.06193387292635387,0.01879006310742732,0.054441268856807744,0.03580372713925319,0.04206571147363065,0.05806684619752477,0.015485607190330508,0.06396291366766897,0.05271427510081211,0.07761188628760345,0.06396291366766897,0.02678725665021272,0.030473914077637144,0.05996919770708654
60,0.055287837256545964,0.05183577565683869,0.0272038017725425,0.05709914452657777,0.05709914452657777,0.048599253855385376,0.05353398853608915,0.05353398853608915,0.05353398853608915,0.06495754481061049,0.0692834653396378,0.048599253855385376,0.016241629587439802,0.05183577565683869,0.050191433730642804,0.04411940040126018,0.04411940040126018,0.047057581338988796,0.038781946381785254,0.06708564529341504
61,0.05154238032594515,0.06670593427627179,0.04530691287756696,0.05323098116171171,0.039825796587476515,0.041130545669249716,0.05677595803636263,0.04386968047490573,0.05497490293462785,0.04530691287756696,0.04530691287756696,0.05323098116171171,0.05323098116171171,0.06254094961392724,0.05323098116171171,0.04990734552860816,0.05154238032594515,0.04990734552860816,0.038562436943618335,0.04386968047490573
62,0.06552681331410228,0.06143545059822723,0.024912599596698656,0.021898735998290127,0.06989064491740071,0.029269752353348763,0.04902516318729956,0.059486586403695335,0.023357106875621668,0.05400314440749315,0.05400314440749315,0.03551559116142442,0.06344816232341004,0.03329806892646413,0.019249482032632076,0.04902516318729956,0.06767356383333693,0.06989064491740071,0.07454509077918084,0.07454509077918084
63,0.07111541591060319,0.04111154084753342,0.05320638520047899,0.06052903558409687,0.03280679118173208,0.04528597831937564,0.05151856460133005,0.04830184882156362,0.05860892481693019,0.042458412718715734,0.04111154084753342,0.05860892481693019,0.03854461874482874,0.05494950117512909,0.05494950117512909,0.06456003457580597,0.06456003457580597,0.04988428528983253,0.0195868119750815,0.04830184882156362
64,0.06159776846360828,0.043208081059644646,0.04608557166401954,0.055919718824426,0.04759539977705045,0.04608557166401954,0.059643755198419406,0.039225183055548625,0.043208081059644646,0.04051025519369654,0.05076506879060548,0.059643755198419406,0.04608557166401954,0.04915469198152232,0.04608557166401954,0.06159776846360828,0.05242820380775976,0.04915469198152232,0.04608557166401954,0.055919718824426
65,0.07332515998467666,0.11149439088194014,1.4496161514605093e-06,0.004584088771582827,0.06656608561268947,0.0687468841533947,0.01833382236633351,0.12281545434983297,0.006749211210662841,0.11149439088194014,0.13971821198917195,0.004584088771582827,0.0001767067011063855,0.023727556664391563,0.020857056577380892,0.023727556664391563,0.03848159098396641,0.12281545434983297,0.01955478382325587,0.0222460556457145
66,0.02792901008918147,0.04529555057187392,0.03614560871323335,0.017785068528182745,0.08913649295511372,0.00292452637831835,0.03732978966678029,0.08091993829273546,0.018367732374728798,0.06457368085165541,0.06887403752993623,0.07586745974605545,1.811571763875926e-08,0.04385867860590708,0.014192390198186725,0.02792901008918147,0.08913649295511372,0.07835298437888247,0.08630889231322346,0.09507263764599251
67,0.23865306912142084,0.1569520613166273,1.8783089324982738e-07,0.0,0.05245260041389141,0.007581707471728291,0.0017773257124551827,0.09370591890809653,0.0,0.1966830905277955,0.0,1.2757542501301327e-07,7.043151395633875e-07,0.0,7.075661105375108e-05,0.02499004417570044,0.05245260041389141,0.14715228959917093,0.0,0.027527516006710512
68,7.382652012727628e-07,4.001403964423708e-07,0.8794525208208996,0.005226517369985593,0.0034372601104452664,1.906392839377493e-07,0.05678222393032024,1.6300930586334123e-05,1.6757622317379793e-07,1.7306625581715706e-07,0.009958923540260132,1.2595412583053074e-05,3.874470852707455e-07,4.855258956638096e-07,1.6757622317379793e-07,0.001076991803481756,0.016680628036650692,0.001076991803481756,8.169818306114976e-05,0.02619463782167965
69,0.07486289862561629,0.016992866230042817,0.00339052256121117,0.0020242616090016758,0.05784510831200145,0.012713544239583992,0.000391080929394494,0.0019600476912760914,0.010820981102678645,0.014937112041702776,0.07984847729813635,0.07018860947972154,7.767238461458012e-07,0.05084715269477062,0.03344002847692369,0.24675538468759586,0.17875847400983202,0.004248803426021546,0.046160089117417834,0.09381378074322493
70,7.98436034903161e-06,2.980163760173935e-07,1.6152514115569272e-07,7.116068651472297e-07,0.8476959909640509,1.6152514115569272e-07,3.5664827617331563e-06,1.6152514115569272e-07,2.0904516597331957e-07,0.004723241255918991,0.10098110744727712,1.6152514115569272e-07,1.7228208903783144e-07,6.255184575958535e-07,1.6152514115569272e-07,1.6152514115569272e-07,1.6152514115569272e-07,4.248544086682018e-07,1.7792629246222151e-07,0.04658435956399895
71,0.049339403560507866,0.03460938604839944,3.156413521959347e-07,6.842170548059674e-07,7.677041622404338e-06,3.7084625293281036e-07,1.3651925047133428e-07,0.1791405466826621,8.978295502236069e-08,0.1429532045270453,0.052625216461452066,9.444824560270857e-07,7.892123909226956e-08,8.456563128063972e-06,7.892123909226956e-08,0.0014695822412320982,0.12565908563240352,0.4141845504777905,1.1251071774643332e-07,7.892123909226956e-08
72,0.012196898657565925,0.15074725591801394,7.802780956096467e-08,5.155246253931382e-06,5.131560048944464e-08,5.131560048944464e-08,1.7468250666031643e-07,0.26930809964057423,6.858820154308009e-08,0.22921836760008846,0.014330106410619433,7.315590972800842e-08,8.3224159025818e-08,2.1195780595290177e-07,4.387826183021311e-06,0.00018460753159195404,0.045735077077114,0.2781310115677299,0.00013811772470174923,1.225319698381607e-07
73,0.013915415040070276,0.003262091691406899,0.0003415829336431808,0.0004715157066579383,5.514373317927626e-06,0.0017680566013142786,0.0003643310321022692,0.0016050780811901694,0.3495394222797687,0.0046504626862962795,0.07202713894168056,0.003711044517002393,0.007542167342026238,0.04163860432812802,0.4241272377922408,0.02828109131677418,0.04586655946187431,0.0006102336667350555,4.780751435341597e-05,0.00022464469341729442
74,0.03829899336305097,0.017667998726346744,0.0002761769055927229,0.012393311319073222,0.0013402547629450823,0.7676926087247963,0.03829899336305097,9.844357102467894e-05,0.02865413873451386,0.0004777353293316966,0.009576071041294683,0.006717185769962211,1.462808109395829e-07,0.02865413873451386,0.012000168916010492,0.02865413873451386,0.00026741598209618705,0.000200072481753604,3.8653369585490966e-05,0.008693353889732119
75,0.07528010380408649,0.03825429558498572,0.09433659773076469,0.042138610345678375,0.08844640989501519,0.03255968609701857,0.058167474653406756,0.004706306520763389,0.049508550263687084,0.02436016408400637,0.07289205753054516,0.06834082374729465,0.0008804003555479182,0.08564070016714904,0.06617290631315834,0.097427197287172,0.029558351495030707,0.013635787019690733,0.019439281520013257,0.03825429558498572
76,0.050992888116324395,0.011953899769867249,0.13851908371070135,0.17358396731303663,0.009539148508487949,0.025912517599744434,0.17358396731303663,0.0001868571024563422,0.007861575870614352,0.00190331035358776,0.042025182691256505,0.028543656745302237,1.1259253831114747e-07,0.21752521674965108,0.0002663849041802639,0.031441959943007386,0.01938695534958728,0.025090516991812428,0.027638190763198203,0.014044607611609233
77,0.017369042050854638,0.03204615040020346,5.293901624143761e-08,0.001317576579951724,0.008275149844153432,5.777977769782083e-05,1.311522865459442e-05,0.20126852626636543,0.006819866394010754,0.2522178774841604,0.09589056258195619,1.6895687434634183e-07,2.6532359100995364e-07,0.03204615040020346,0.023975952338225564,0.0019398844715754653,0.04568523535624786,0.27782790661790324,0.0008949027993545367,0.002353834188999812
78,0.05442474723395349,0.0494079028887414,0.047840578291474506,0.039427244014267754,0.046322972590367384,0.05102657524309918,0.05442474723395349,0.0494079028887414,0.06603838148305377,0.03355802712203025,0.047840578291474506,0.05442474723395349,0.05442474723395349,0.052698277579252835,0.06603838148305377,0.05442474723395349,0.046322972590367384,0.042052945536416884,0.047840578291474506,0.042052945536416884
79,0.013897508752086259,0.06744301178289892,0.0930972722225406,0.16631712007818777,0.026481157004650795,0.010738335193934656,0.03111264661673401,0.0006713313929120044,0.0331846282026162,0.02404013799169387,0.047308257956514985,0.0331846282026162,8.890720475134568e-08,0.26973478470646256,0.02182413081717627,0.04294740781988982,0.03111264661673401,0.008849871325107088,0.014823028929738765,0.0632320054803005
80,1.5918961955038026e-07,0.011855359959309825,8.392952105549895e-06,8.910759962244005e-08,1.2357048317320128e-05,1.870314947814956e-07,1.9948706688184078e-07,0.46764333046806345,1.0812216787356581e-07,0.1465260171426979,0.045910787775403604,4.264957863393717e-06,6.0801563164474445e-06,5.969180956912246e-07,8.910759962244005e-08,8.910759962244005e-08,2.4998545737792616e-07,0.32803089192758467,9.202688985009487e-08,6.575287469804885e-07
81,0.14181389024295152,0.03905878870391854,0.015336235567436716,0.10610082742861271,0.010416426908075887,0.10273508173012186,0.024083453893599886,0.013922549503767949,0.04894617636821698,0.013480896387199548,0.05568250577320965,0.02257973136619042,7.107531134078647e-08,0.10957683968762148,0.07938140306108533,0.09030645010923831,0.026528871173328528,0.03905878870391854,0.05391613732133806,0.007074874994856529
82,0.023501568165125372,0.0003793995766621108,3.1702743137451785e-05,0.0006153140643643145,2.825509956266705e-06,0.004256933265692411,0.000417923547716687,0.03811508055396952,0.03460165263628887,0.018159205440495613,0.010497764889178918,1.6637836108916996e-05,0.7397702157051056,0.004689179330254699,0.005876203695426378,0.005876203695426378,0.025066681447751232,0.08812453572353941,5.637633536308321e-07,4.0841044634264856e-07
83,0.051730736596643005,0.0714082947943226,0.032941901358009465,0.045472482280696676,0.07865904374326793,0.08664602873414731,0.0714082947943226,0.012524161590953096,0.056983439872734944,0.05885029746808581,0.069143070602718,0.053425508248621606,2.677618268425763e-08,0.05885029746808581,0.06694970417851998,0.060778315942616706,0.019043582969094332,0.01293447073065562,0.023107271247603794,0.069143070602718
84,0.12246899585377496,0.04365421238165208,0.004285743320984447,0.060259587855264966,0.013244213009763863,0.07079884243281458,0.040928530971310335,0.0529695345797268,0.06427264267335955,0.03162468125801964,0.08318138686686286,0.022910056329219004,0.002818552683939069,0.07311831203719325,0.06427264267335955,0.07311831203719325,0.07551377072643221,0.07551377072643221,0.005546591183540124,0.019499620399157407
85,0.05703080424321185,0.02466661163023919,0.03296928251337003,0.042668708324393234,0.044066595191123395,0.06082883459645189,0.07622711725651478,0.04700125950667615,0.0648797990395325,0.02717124234389991,0.048541086840671106,0.06082883459645189,0.025474724502616262,0.05346991528286271,0.07622711725651478,0.06700535246158455,0.0648797990395325,0.048541086840671106,0.02898074169301099,0.048541086840671106
86,0.01353759956888934,0.00045871365020707435,0.008082424638269076,0.0014175606980665599,1.97488433009932e-06,0.9237228011648785,0.0060470236045328234,1.817781435901965e-07,0.0007203468541252607,3.058733670887668e-05,0.0013290510530185355,0.01540074265412003,6.390600423898567e-07,0.0018346011604406798,8.308864256519569e-05,0.025795364194034824,0.001372592633844087,3.3538347779373355e-07,2.9617040817212147e-05,0.00013475399948808132
87,0.04285978805429534,0.034201883164759174,0.004635002994734877,0.011804565847813052,0.08710639073938765,0.025588805843918726,0.07656847881979097,0.0442639349615896,0.13244940726268944,0.048758464355175515,0.037674718766324965,0.031049171707724036,0.04285978805429534,0.017949403439456713,0.07656847881979097,0.030064225419842456,0.05728620055350191,0.04721174134041987,0.048758464355175515,0.10234108549931382
88,0.004832408690485434,0.01812022794748489,1.0189752996739857e-07,1.0189752996739857e-07,0.00010096332779736646,2.2812015430591607e-07,1.1592141044892335e-07,0.5347658390791552,1.7067254190358474e-07,0.05083509701122685,0.04614914472039148,1.0523583629274457e-07,1.2769199042697392e-07,0.0015141317163956589,1.1592141044892335e-07,7.1806483112897945e-06,0.03452738255447227,0.3091460178592619,3.2520982423221613e-07,2.1387678969129575e-07
89,0.2631713890637687,0.11021448426305043,7.9111327619435e-06,1.4799214767830468e-06,0.008360623620535692,0.019963591413305552,0.02199068070137952,0.025017198399720077,0.00036663901101475447,0.00016913701930054288,0.0073491764171990225,0.01400356697235462,0.1294907280795792,0.006460091550880471,0.006671733231434641,0.19065081790068,0.12538300459060328,0.054229883662161915,4.510645254129891e-05,0.016452756596251398
90,0.06601977654894202,0.039416136212098475,0.09411829477609142,0.06189763419802425,0.03354857284908314,0.01547654625670123,0.036955071772278913,0.01121176664611835,0.08010766077467542,0.05268343094067468,0.05993410854890591,0.08824173733871386,4.0148936896011546e-08,0.09113266070075812,0.08010766077467542,0.06601977654894202,0.040707464244089546,0.01085610537300485,0.035782777673642824,0.035782777673642824
91,0.0221940375596889,0.049686261035055246,0.0007766696180858971,0.00024335278268581783,0.1863100647066745,0.01950905875435692,0.02872343111473418,0.04367534222695057,0.03717374510086411,0.12654247274191602,0.056524446284024386,0.11123368287560259,4.30760940663639e-08,0.017148901927256422,0.026075720463114575,0.017148901927256422,0.0044282926759851154,0.026075720463114575,0.02781226230424247,0.19871759236229736
92,0.011313967854736155,0.0003369883913736538,0.00018264800817953113,1.7282833278891588e-07,1.7282833278891588e-07,0.0003059249801207243,1.7282833278891588e-07,1.9037720236949645e-07,2.1657830001426795e-07,1.7282833278891588e-07,7.614036256188602e-07,0.907015983901534,3.4010650656819947e-07,3.1449586556812224e-06,1.9037720236949645e-07,0.08083788465545447,4.1268144304044615e-07,1.7282833278891588e-07,1.7282833278891588e-07,3.0875566910979313e-07
93,1.6493231191137262e-07,3.4618300756901465e-07,2.276699680870334e-07,3.9382723529893037e-07,0.13344605720950142,2.134547121964305e-07,9.403851159652908e-07,0.0008190411965423936,2.276699680870334e-07,3.830943497847932e-05,0.00011463196753454423,1.8167942498392284e-07,1.7591616415020876e-07,5.263877169944309e-07,1.7033572630506628e-07,1.7033572630506628e-07,1.9377856999519537e-07,5.436329185787025e-07,4.067295691544491e-07,0.8655770772733076
94,0.11778677280931459,0.043360723782959,0.0008224254154713934,6.04082873188615e-05,0.01273786151298096,0.020658392420512223,0.17910038643036594,0.0003335005257433335,0.23179097532026513,0.0064728646058500195,0.02588788215024151,0.0881244709795657,0.0007710748230762103,0.0381150525513054,0.18496796686223427,0.019368523857637827,4.4166859825115387e-08,0.013155171762540217,2.143366916140091e-07,0.01648528739906579
95,1.5889660938780404e-05,0.026370273257621948,5.4590193049521874e-08,5.4590193049521874e-08,0.003350538634840775,6.41378843375601e-08,5.4590193049521874e-08,0.251834154523883,5.4590193049521874e-08,0.28649340568864357,0.16036686161244065,4.5826282721442984e-07,4.103123888489417e-06,5.6378644514610225e-08,1.040194684418943e-07,1.346215634873377e-07,0.019729434171497674,0.251834154523883,5.4590193049521874e-08,9.443100898977345e-08
96,0.14389292156968833,0.02691779185054729,0.05470656298638168,0.020139070883687188,0.0014792426855867403,0.10093445224018727,0.02871041237987717,0.0009120936464729402,0.03963140147944233,0.003006349242928337,0.01282447013397902,0.0779900916132621,0.2570629164934089,0.02079885515656521,0.03373179330642329,0.1264851180723365,0.04092978190420318,0.007413775494525949,0.000855144349691514,0.001577754510805047
