site,A,C,D,E,F,G,H,I,K,L,M,N,P,Q,R,S,T,V,W,Y
1,0.11765506149406342,0.0025215581092833577,0.05009579541163787,0.06870187530129303,0.014436657268664993,0.07305689307493075,0.024860253727216224,0.009879503712923066,0.09431303151522566,0.014472919297922179,0.01594248953048182,0.18374423757325764,0.08566227487753829,0.03529899706445482,0.04263843702884906,0.05853348598747961,0.07579181168393806,0.023308029377175438,0.0031377504263922,0.0059489375372725395
2,0.055658031766043226,0.028453954343293477,0.05739501157737795,0.0743549601988215,0.019939158820638576,0.06706211725575721,0.07420588520349236,0.055658031766043226,0.03915932862249361,0.05060361475801805,0.0522352457169365,0.06522864397523753,0.0393760478827496,0.0651632223908689,0.04902294976182385,0.04448171680533351,0.044504040243677497,0.05930510056096962,0.017730398871254396,0.040462539479169383
3,0.052216380915655065,0.005807765900325507,0.07171793553710237,0.04022530769779945,0.006384656063986008,0.03790341697596436,0.05547069116108211,0.005472529241357857,0.08955760846113707,0.029493678838998647,0.0368116900091679,0.047355559290165175,0.07903977191895462,0.06128736790287003,0.03144206404653038,0.11874521177719008,0.174479541386806,0.02511579014623878,0.012008040320382165,0.019464992408286533
4,0.06727003815093413,0.01246312989628749,0.11969568192528861,0.0955644538500609,0.0024566488007943667,0.0505571708956749,0.06947389916638158,0.0067890047069984055,0.09239376944717903,0.005792894296336755,0.025937185095507288,0.10844433951079345,0.010597204708820649,0.08688605496357575,0.07410059137760464,0.0489042908647739,0.08946284101221061,0.019473684659579316,0.0020286852430500936,0.011708431428148225
5,0.06924941374136374,0.013197095451786862,0.04722362175960743,0.10809393203492171,0.03433085215498481,0.029220294153009595,0.041531459230563596,0.03545557913256881,0.06078023915122371,0.06283450559267433,0.04031500191045751,0.05369593299657835,0.10144651043515279,0.0502675474315196,0.039016542919675164,0.05034326670402958,0.05199258289187455,0.03534900473318388,0.03540225182915559,0.04025436574566817
6,0.000929758644864909,0.9725306538522939,0.005214102491018996,0.001410200066893497,0.002665596132546359,0.005686192876971848,0.0011972676188229266,0.0004061890408301629,0.00010615923340371424,0.0003455495270780963,0.0003151166801643384,0.002590118545272243,9.963078941192033e-05,0.0005423659345133394,4.084955649346216e-05,0.0014995927702043292,0.002346648520470663,0.0010934678607748796,0.0003455495270780963,0.0006349903308921248
7,0.02983320161510219,0.012607298687780521,0.32480741351068526,0.10326306212450626,0.0007619278898288816,0.018478254852637654,0.010141645445549298,0.00012827886717589037,0.032878936539521245,0.002191015189701672,0.003772978226365093,0.23542025836785432,0.1066461052029316,0.03475326268119187,0.027056029604607457,0.03723545563207314,0.01735931356363395,0.0006517677377181168,0.0006944757117938679,0.0013193185493417996
8,1.2641464124474643e-05,1.8519036522227063e-05,6.654336665198146e-06,1.1822460790552092e-05,0.29126978214754173,1.107317298920556e-05,3.2753703366554036e-05,0.03915205615877287,1.5654170558787272e-06,0.3198807001952171,0.027615407877841336,5.157178488754897e-06,1.1887889771258921e-05,5.5199793661614195e-06,3.6053640792300806e-07,6.896520973834834e-06,2.4665680196848758e-05,0.00042362370661558997,0.27390680618748947,0.04760210634980305
9,0.0689617417305834,0.0004089099486742427,0.21003378341928378,0.10077196779756681,0.01989341712538661,0.06680763847627298,0.11105999204931559,0.003923225227547267,0.022585920424604066,0.005923694564734195,0.012731758064735936,0.10102508706032796,0.008168773603959954,0.056862522349628596,0.02120759837303452,0.09185079716769698,0.03014283506509917,0.007412060593326316,0.02486679962505425,0.03536147733316738
10,0.0893021274820007,0.0011718434246565782,0.26401720760821046,0.3624393528199133,0.00016741849734772815,0.013608042517437092,0.004775142309374934,0.003141985799274905,0.042996953069043095,0.011646422597352496,0.019380271635540486,0.01499731648417611,0.014089161640971036,0.06311466594064558,0.005249461122432308,0.0572393232280701,0.027476598817712864,0.0047775387455420365,0.0001384614041317279,0.0002707048561664624
11,3.5846616406083445e-05,3.815720656973319e-05,1.3349341451368153e-05,1.1740260691241351e-05,0.0020530592163069392,6.814295004889488e-06,2.1433932811020843e-05,0.6378643409915745,1.1909557877265319e-06,0.04838088957484889,0.0017509472852158222,1.171084536266048e-05,2.8605409448587667e-05,2.4359370856374186e-05,3.233536298048968e-06,1.839950524420253e-05,0.00039263501261875235,0.3071172424146193,0.001595938905041124,0.0006301053238427248
12,3.050250758755678e-05,2.6000951448407882e-05,1.935853592666466e-06,1.879152399954225e-06,0.9068306810492845,5.382082242206788e-06,4.018636592580128e-06,0.04704595775406062,2.4328629522559615e-05,0.025575828273979744,0.014896978457782841,2.6521862936543147e-06,1.1151857645493965e-06,7.182847290868473e-06,7.9519862721483e-06,5.754927065116696e-06,5.28697356781634e-05,0.005374372468501279,5.829656113161594e-05,4.6310753508720265e-05
13,0.002309205538937324,8.35302754418484e-05,0.0014816003537513475,0.0019832833664823373,6.581758878802056e-05,0.007075519144425352,0.0036135768783891746,2.6854619963003835e-06,0.00022136675355756457,4.193337971996414e-05,2.379266749274895e-05,0.9780070106950937,3.327128652947773e-07,0.004516976223756044,7.725136648300059e-05,9.69526907835924e-05,0.00012880866549784423,3.5983922682499853e-06,1.7314271559943722e-05,0.000249443572710412
14,0.566716575679382,0.001177395402316292,0.001379160920393329,0.012412189733498929,1.983552667309132e-05,0.003161627223250985,0.0014658504030019843,0.0018942441480927115,0.06726453570384597,0.00020328858692215374,0.0033502558762165185,0.045870063301585384,4.076615650897448e-06,0.21763257068709987,0.022786069478858507,0.05045168121997704,0.0034687058420153666,0.0006844145327947838,7.621134247148178e-06,4.9837984177177076e-05
15,0.013287300482168892,5.176311625474546e-05,0.036682928026333744,0.06504224324060141,4.804743626843702e-06,0.0004691421573641591,0.0003220181392280471,0.00026405922711397734,0.05381938142527058,0.0039526123855048384,0.00038741466473742796,0.0011858669845657517,0.12288283747772627,0.0006305236018600883,0.012074594478389556,0.24749649452106773,0.438614182862583,0.0027837319742983826,1.1295757377883467e-05,3.680473392670335e-05
16,0.023716944281624457,0.00970467313212535,0.05775788244458012,0.07681256613453649,0.02088960983940857,0.003993006143932828,0.08482458983543716,0.05246010570144196,0.08444242150560995,0.016711668907455096,0.022976116895637923,0.10565911830986963,0.0002491001037348015,0.054151596180529615,0.05959028531579579,0.07223366773529127,0.11638767222980845,0.07463758280027195,0.01177554217592793,0.051025850326980524
17,3.364660932726253e-05,4.38585375372953e-06,9.619131416385833e-08,2.270758128873736e-06,0.4497432478687689,4.178487685431277e-05,0.0027920413785214623,3.83541975562706e-05,2.8171690007118483e-06,2.227275759170415e-05,0.0010261566858636357,6.546943331891893e-05,7.724861860441731e-05,5.465844333385937e-06,4.0811791903211645e-06,3.15457825671193e-05,9.657472598013411e-06,7.985948764776944e-05,0.5440731059852512,0.001946491849807762
18,0.15505008835441036,0.001689461434901789,0.034768661462054644,0.0133788117628454,0.0015337277755481408,0.019609045482434397,0.06376365236444319,3.138829588643937e-06,0.006622658016291964,7.881417135326278e-05,0.0011892511347230683,0.10936261978268937,0.45473257345035384,0.023698085563384978,0.0013119801701562005,0.09336332244730422,0.0019879340803261084,0.0002736256731283862,0.0003111278903011358,0.017271420153760847
19,0.007083526599569786,0.0008276761177965279,0.004097013810526205,2.1779074090848463e-05,3.9454965608004585e-07,0.00015522080026576167,0.010837242457367129,1.683610970512305e-10,6.706780925664126e-05,4.506556909914066e-07,9.508614343403807e-05,0.05087248965132073,0.16065976102217774,0.00017973425342041377,1.7057786754092192e-05,0.7649392769299782,0.00014443798984654674,4.3635992638509116e-07,4.654198049426591e-07,8.824007559444337e-07
20,0.0025431362031869864,0.0002531088692090754,1.6807152242036655e-10,1.3176898485315128e-10,2.162117779157595e-10,2.874538064736925e-07,9.493280494209182e-11,0.0011975770714959246,7.364775344726447e-11,1.717677412943571e-06,3.425191010076953e-09,1.3062644238363587e-07,0.015662878026547367,5.120807991894088e-10,5.0323899879819494e-11,3.873894868821815e-05,4.871616831878301e-05,0.9802537039378566,6.516166735240203e-11,2.796449458082575e-10
21,0.0004773708910719844,0.00020541041982343733,1.4898545478245887e-08,7.961948376167364e-06,0.044991275626774255,3.4627109836852624e-06,0.05222743951735102,0.0001849848189648988,1.388943971179094e-07,3.528857679104945e-05,0.00034164249634812625,2.672167732111733e-05,2.8415566740649502e-05,7.061212470859062e-05,1.3376734171837279e-08,0.0003503654739126979,0.0007003750095815948,0.005481933390721814,0.0576750831036552,0.837191489477197
22,0.301230430709217,0.034619363293461124,0.06556986510969287,0.1449628836068001,0.00360468827875081,0.007282037790038921,0.0654712441259996,0.00012348295505259908,0.06336255699851473,0.002099598224555066,0.01430149152362379,0.07440717157018453,4.4630356946830805e-09,0.040735473866713494,0.054147185260590126,0.10878379675360403,0.002465575455336906,0.0001922661074468249,0.0010053451454683428,0.015635538761913394
23,1.368217021580443e-05,6.0316362784218805e-06,1.8470304498046383e-07,3.1009966177414663e-06,0.05240736727593353,6.438278737961093e-07,1.6351724048264812e-05,6.816533122677207e-08,2.693605420748965e-07,2.2614981363338512e-07,1.458812066912277e-06,1.6033435328329136e-07,0.0001975868792464084,5.445506208608792e-06,1.7148148898396366e-06,6.596632714508092e-05,1.5478154998766887e-07,6.413982219947447e-06,0.9447278972961831,0.0025452752564373376
24,0.009218173417024151,0.0007188351574577348,0.05807734330484436,0.33334496619140885,3.368576623145775e-05,0.0034432134030233917,0.008638273995173766,0.00037914758857139093,0.0938131137963282,6.774395611034024e-05,0.0011605616629645715,0.04373603682637855,1.9662954084644066e-06,0.22777638038979914,0.08012883765059366,0.08533656282332604,0.04970540638692305,0.0041445516749582445,7.638544847274043e-06,0.0002675611686273605
25,2.7429655985519772e-06,2.7346716334267764e-05,8.317982957551764e-09,1.9266898103279914e-05,1.8037712078124754e-08,7.96542013778481e-07,0.0028458537569404766,6.847432406124172e-09,2.7577506219005205e-05,3.6289799035316166e-10,3.18139246410608e-07,9.53254112777801e-06,1.712708274328538e-08,7.461253584420958e-05,0.9963211488864178,0.0002513251353130516,0.00041842838585605494,2.7630432056482783e-07,7.075946867531598e-07,1.539886967144656e-08
26,0.024653083122502154,0.011117606997055818,0.008818536805574775,0.005528243873830654,0.0010990246334840002,7.734626262315619e-06,0.023136999525908825,0.07060891968767351,0.11388399135665797,0.01919286119769838,0.06847203941485927,0.002059760689139094,2.3583201272436355e-11,0.0512029949725701,0.24427937728181345,0.01482995121989819,0.20202824726477578,0.1335337619920333,0.00033510924946757056,0.0052117560652118295
27,0.04956468746052255,0.01629840609705524,0.015773469697966204,0.08243692588371555,0.001874059032408612,0.000536018962863818,0.07461298163777827,0.08223037942569053,0.17691465574496487,0.024596689124383283,0.013032169802556247,0.08766260969297371,0.006243291564250093,0.07472537305088849,0.08505228595735499,0.031705416412170014,0.06369741212532039,0.09067093450678415,0.003886455460318493,0.018485778360034504
28,4.4492711995656064e-05,0.0006091724307352739,1.390989647881726e-07,2.5906080987370336e-06,0.5561894292521645,1.4623244526472242e-05,0.00018030539546935707,0.041012047009482376,6.357479776900003e-07,0.06395299131787716,0.09062459460950603,3.367928076390222e-06,3.836874502089287e-08,3.0590086652123205e-06,6.757089876348933e-07,9.06652011439644e-06,5.442989750896566e-06,0.004015757486088308,0.1887893948476014,0.054542175715172815
29,0.08059834647492874,0.031060568515968473,0.05171239053236534,0.05140197766469037,0.027316641268342136,0.038728476426573254,0.10729585415316269,0.007410301182562952,0.0468984853593598,0.0011314654763955694,0.026357366018553242,0.07831616701948374,0.010172764075265642,0.11484397956975038,0.05332623449163693,0.07571775475155228,0.1256827134513574,0.03522913724837182,0.006754279843363036,0.030045096476316265
30,0.0026086819545266277,0.003464084275574277,0.38421029164317744,0.040166207054927405,0.02811831082334057,0.1532229634651689,0.12646709833753728,5.303293312819056e-05,0.026601823421300786,0.0010206946587970576,0.002280469387899935,0.17404845048892456,0.002247246465140374,0.010566303465199565,0.01754764336694842,0.017025128350051894,0.001418882478785027,5.463313892388344e-05,0.0076661405273474705,0.001211913763300405
31,0.004715798486969754,0.8568282169304707,0.006808590026664571,0.006904915236332712,0.004287547409404676,0.0011596050622261324,0.001125075578921062,0.0037631821388282244,0.003892323562369859,0.0018100697754896873,0.001546815471325317,0.006078718724669256,0.08030417377831632,0.005532246749339313,0.001320522788342014,0.003654791715227872,0.0038942769502177165,0.004025896742509794,0.0018684325208709073,0.00047880035150398
32,0.011459470841984239,0.029691189643875602,0.011775668618010606,0.030710104582297545,0.04953183394226312,0.003100870504604057,0.044943460582706964,0.04373664823564028,0.06587269320521959,0.03490161293094927,0.035006838480119803,0.017860601527665294,0.0003529911244476893,0.05986062095305023,0.05115456645215176,0.05598242712609427,0.20751048731233873,0.05626401390862901,0.06188380589778684,0.12840009413016504
33,0.16839456869975813,0.06072111714004546,7.319670038184072e-07,0.0004638719574535062,0.05690125618379658,0.03422869461655342,0.00558556846476809,0.0035747557043226586,0.00018415855268066688,0.05026906906148239,0.027396666918124903,1.8259773877472303e-05,0.02489622655405408,0.0536706234551086,0.0002447907517155569,0.005416529041454268,0.005593982147199744,0.03014823778989336,0.4517317427573577,0.020559148463349705
34,0.000577338298273491,0.008106458168982497,0.968656210770442,0.008171796205280739,5.57153823024315e-06,0.0005085128865283673,3.913510961176167e-05,4.339717867363807e-06,0.003130300350193024,7.843820453843505e-06,1.6937702180434952e-07,0.00526152092153263,4.869854334077207e-05,0.001824199746878933,0.0006567958012667902,0.0013758109842141096,8.775714943557721e-06,0.0001782612004892224,0.001403877457427566,3.4383387021397466e-05
35,0.0018976794519283832,0.0003975699183134442,1.867755961847383e-05,5.341395813565622e-05,0.13531423221209837,0.00039916890917901266,4.2902978775762144e-05,0.027615246559137233,3.6516357188240405e-05,0.07643031625757107,0.04462966565217414,3.546458151596119e-05,0.0003627375412474267,5.6942543581891635e-05,3.5357980056699465e-05,0.00023963684568327476,0.0005321906167262736,0.021359187234643136,0.6610444101994439,0.02949868264298164
36,0.09251577977873651,0.000623446902077613,0.16445111611474927,0.1086965634553615,0.004493225615799248,0.049116508487089046,0.01426853016759321,0.014182880764786025,0.061334127971226865,0.027631628109603477,0.03687676185118483,0.10561876999129258,0.0011010012146821706,0.07910007643625248,0.049091871412727264,0.06963548418752068,0.07655243410577847,0.030437324549357766,0.013719195792279577,0.0005532730919014827
37,0.12200626729538203,0.007399446951884264,0.02398880419008572,0.05670882160534074,0.2607840183973623,0.019219929493533353,0.027331426294435045,0.026411356093759032,0.055020206772017424,0.03413005626040551,0.04403820524228634,0.027331426294435045,0.014925564944181121,0.05155898027369,0.024000843127198388,0.0549374531029991,0.035177535407517536,0.01987950135681224,0.0759109312696357,0.019239225627039124
38,0.00012184403658084559,5.6491520825711936e-05,0.00011377873152596983,1.74425399284406e-05,0.20607720682224964,0.0006484816083952464,4.11509773039361e-05,0.24942527810024967,4.2350141136241114e-05,0.48667180336490456,0.028651198909914927,4.108908378234863e-05,6.623868031534002e-05,4.837244646707872e-05,2.2461085316805196e-05,3.187642789678776e-05,4.539769997182644e-05,0.01889001461396847,0.00478757469020245,0.0041999485190636066
39,0.05874458332173441,0.008711253823447613,0.0043186613566764415,0.03993959211850257,0.056710102817780585,0.014029108837641262,0.027345760552154475,0.0647744337821846,0.0427064153442308,0.12225413228086031,0.14797012931837752,0.03873087618176555,0.006951534270554043,0.056966760607689675,0.03763419351047894,0.0413931919273368,0.07346766420984817,0.0757604482963361,0.042684993603089784,0.038906163839310365
40,0.04833824777729684,0.0005404238204189826,0.08055860093595044,0.08072043814098233,0.0022823198457079426,0.12562073541576665,0.08864946470664997,8.534805477505833e-05,0.11421286558100445,0.008409110270181727,0.01356972539700318,0.14751746229358784,0.03096746743176247,0.06268483670563656,0.07556658812881481,0.08063947893913045,0.030151059426985254,0.00016205720167023117,0.0021376702292315907,0.007186099697443311
41,0.043357331622199846,0.019444901021994376,0.15506921243904134,0.05600037701700225,0.011021817296932065,0.02608140774065232,0.035786254213549626,0.009414093329401256,0.008576375575425649,0.018359308540563928,0.04058904654775133,0.07451262465168342,0.00685765111777631,0.05766118426939963,0.047640142518053034,0.19978574235794438,0.11267640294160872,0.01334024216869678,0.02446520884994691,0.03936067578037688
42,0.09595713190972598,0.002178136239659655,0.028587648004132077,0.12774210490216953,0.014229515045796524,0.09295979505404492,0.018895457621293618,0.007065001822119269,0.18056342662111008,0.006830595720464859,0.06141242504293192,0.0028952638890996124,0.03039982146546046,0.1398682953985204,0.12387616862697019,0.012470466677193518,0.02356017033878063,0.013764305445418856,0.013347747977815513,0.003396522197292431
43,0.05279715448783048,0.02099220155701587,0.03384100106529259,0.07258841711065099,0.02389328626684611,0.02801588145582691,0.06000324241331288,0.04957517013108816,0.15038411226711632,0.04802662984436554,0.04809897356628425,0.008479481005017907,0.021658191527183547,0.09687542696818524,0.06393503708977338,0.056341501353876194,0.06602963878224144,0.025395139019244766,0.02797374390096713,0.04509577018788033
44,0.005461178482659255,0.0004667580511666335,0.02511404803655738,0.0021724597560500774,0.3118403324782656,0.00398616115736049,0.021429212661898765,0.04191711931028578,0.0024714494958358825,0.012097914055660776,0.00910595041126783,0.0058197596278207865,0.0028891677053142135,0.007028934288717839,0.0013048678354705935,0.0030753967877305004,0.007028934288717839,0.007489514839135555,0.35369171902976604,0.1756091217003184
45,0.05483231129534077,0.001984429956711594,0.18988890393770053,0.17758655953609104,0.00015142447818945504,0.010829891392265758,0.06225366973446082,5.446509490730276e-05,0.005917121440448876,0.00023553530177759514,0.0013175765365258318,0.019861375182209887,0.0023373581759869133,0.08064932836708176,0.002196922631763549,0.2784558825372316,0.10714846876657586,0.0002767298501604407,0.0003570660957910722,0.0036649796887797516
46,0.002029620602748313,0.004783540916810705,0.00045472569261712203,0.01944360234732076,0.017134294400073618,8.087162798029996e-05,0.17463793932312513,0.047422337404937884,0.017168716128898153,0.07644835946722396,0.0788341653031616,0.00905104886265187,1.4084887554252579e-06,0.13131598223293292,0.0038557375929180442,0.06112794071830917,0.1539735032848178,0.06516612042836105,0.03560477519219676,0.10146530998415945
47,0.00010129014194092248,0.003575218494773901,2.6194210426507804e-10,2.869411672590551e-08,0.6641759307468054,1.4659781287132101e-07,2.2048173978873872e-05,0.06496857878490044,3.1118213098788353e-05,0.027524221214237525,0.01103878476005184,2.0465136728914274e-05,4.828198074985225e-05,6.680072677353104e-07,7.978285846387876e-06,3.295824417081684e-05,0.000971325622491812,0.1150797967912092,0.10843714499479314,0.0039640148530828275
48,0.030194463950886024,0.010243875435843753,0.05537484682279836,0.10114736216640623,0.00020950943635819172,3.319192054845361e-06,0.010228468036871306,0.035368767884911695,0.15310644467586523,0.025009575034455216,0.012798435847374504,0.06290118705190374,5.4872083205959146e-11,0.10456596720385473,0.3292358284924818,0.02062168796297587,0.018117835501153066,0.030209617238635394,4.402523095606778e-05,0.0006187827793417238
49,6.422571071812224e-07,0.9992762660394372,2.1788259419970922e-11,1.423937803310162e-10,3.6430713220767e-05,4.0381609711746e-11,2.6313803486056744e-08,2.459886927378002e-06,1.8092185003134207e-11,1.1080444119675627e-05,5.173527237019306e-06,1.9318158641146576e-09,8.321900857034574e-10,7.939382758904531e-09,1.3753129294281507e-10,4.940237515756004e-07,5.029559271519758e-06,1.9745479003621935e-05,0.0006397302051134983,2.9104874314467855e-06
50,1.8652171967675227e-07,1.7661400165015814e-06,4.1627766263590976e-09,2.0618387749068006e-07,0.1340618741296956,1.599836917931866e-10,0.0003147958669683715,4.497414066607506e-05,6.550789031880387e-07,8.997350204420243e-07,3.382237645195532e-06,7.219572999297391e-07,1.6245362657444582e-11,1.653375257598289e-06,1.0312954635142298e-06,3.260190890138344e-06,2.1632312679830126e-05,8.540825305740787e-06,0.22947184679652974,0.6360625688730553
51,0.000382524109087611,7.278927146878243e-05,0.00020247112338352797,0.00012990670729445613,1.7916700506152643e-05,0.3843310787870184,0.02058181712507401,1.4311785936177947e-05,0.07353785406536147,7.297210372991393e-05,0.0002086851266075025,0.3276115477054096,8.566103667589015e-06,0.017588423158129373,0.16815786242642472,0.006737447409133476,0.00026124963929649705,5.2996398977779754e-05,1.2205776887730221e-05,1.7374476605335713e-05
52,0.001585307668475882,0.06157624071403621,2.9478579798811004e-05,0.00019267683940828314,0.20616859429728307,2.3535555614338566e-05,0.000444142283102021,0.2417413340818596,9.89476283553313e-05,0.11621791867646321,0.04190682578550371,7.907862070225941e-05,0.00025766024329948033,6.536819284094646e-05,1.698170392394517e-05,0.00011578763903163966,0.012174090267546438,0.3018739396838309,0.0011860788464801034,0.014246012692443834
53,0.04356600131209118,0.011782809806752868,0.21325855151420942,0.15581552784316507,0.0014055557926329662,0.0015965936322535036,0.03704349052692643,0.045106298995633336,0.049512163355520465,0.024533668129488907,0.012618044601696524,0.12822037382853857,0.01842916578471712,0.06779934859112928,0.008344281470643387,0.06378973721569008,0.06398205813057861,0.049462504739691104,0.0008986514512288988,0.002835173277412454
54,0.08928420543230725,0.00044203785514302355,0.00045674874402055067,0.05365464464525737,0.021418940497784582,0.006768653222490195,0.028428071606582193,0.06713571621191175,0.15830920048429836,0.07380436212113889,0.08914991666789886,0.007680911662428602,0.07860104763093877,0.0630387108048622,0.08125762642473654,0.01760793758888888,0.02203204417549314,0.061069620571863256,0.061069620571863256,0.018789983080092228
55,0.04770302712669857,0.005797782146487931,0.09892734809532717,0.15480717142318187,0.03156172454866103,0.03697033043623067,0.0508543421225494,0.019578323996213596,0.0575926352583309,0.043349264865310086,0.04203735994817747,0.05959894145826564,0.006870149262186292,0.06356799978881533,0.09085065032920976,0.050803337357910344,0.05246772610712601,0.012960095330205697,0.024460657027114058,0.049241133371998265
56,0.08742195887902245,0.011751131264992108,0.10900377666527429,0.15516288598293668,0.0013989664649207212,0.03477650255577464,0.057986221976765104,0.016221076689478097,0.08216938334379699,0.018425784224617662,0.04484981039655073,0.0618789182050164,5.2393585641331015e-05,0.1129142978504573,0.04482731351825284,0.08233445651022556,0.0579280642368202,0.01571439177682416,0.00018171670471700134,0.005000949167915766
57,0.0004674737102972554,0.0003962908102867877,0.0004521904587419824,0.0005475828012279354,0.009324652982804054,0.00036175195648461157,0.00021662984132883516,0.0787198105742239,0.0002098631467170568,0.8579182532650503,0.04050713349070874,0.00029873250727882985,0.00025413506086249924,0.0011355865162228198,0.00013011670819948647,0.00037285441784457734,0.0004663024507185332,0.0025232003989320963,0.0054503758649926196,0.00024706303707712566
58,0.04846797493725336,0.0017087120511733278,0.15268258528519865,0.04690692632408277,0.0010588827436020336,0.04271145524968645,0.06241311899899146,0.002844815440264938,0.056603083274098555,0.004301869278396977,0.03208392995081227,0.20284986312804332,0.11077536801115727,0.09752071976472015,0.03418627342271349,0.0665361990147933,0.024803071105046655,0.009264554158562224,0.0009957613463663828,0.0012848365150364724
59,0.01773096505490835,0.008794653941647582,0.1358206601208956,0.21211381239106109,0.010327634422201594,0.040565468712873594,0.07189027039096169,0.0001698277432232932,0.039258942728265675,0.0029837038877766364,0.012085306403043105,0.05936653648411866,0.0004674428086913265,0.1121598532112068,0.03456147716590555,0.12373459146204603,0.08701229486497375,0.0012608920287673654,0.005269192282047836,0.0244264738953844
60,0.03262569787858803,0.027810801589887864,0.0023912982177334216,0.021607792161606056,0.03825500075510532,0.017816742064253245,0.044788129272092705,0.0407208298156177,0.023000580576032877,0.13640926123995709,0.16002585652455384,0.016198768139201514,0.0006457749745622122,0.06551341497679103,0.016206897596150897,0.025221894748398862,0.03251131368364439,0.026061271934328615,0.006430959336497615,0.26575771451499675
61,0.05291885498677447,0.10022952050933842,0.040971516031616646,0.07748427103004926,0.010120407210113206,0.010125486202170993,0.054707420307303196,0.025440908600355135,0.07510162761834066,0.019746662668863012,0.024658599978763924,0.15088208473589246,0.03289249520448898,0.0910360805794767,0.06405026701088766,0.04658693462354661,0.049664519308056834,0.04963960734885974,0.008909466185144143,0.014833269859958047
62,0.10231352701026088,0.05592903632054086,0.00040300504983199986,0.00029283155997341585,0.10241624619439216,0.0017393085663901012,0.007312360092215669,0.06980622386180234,0.0004870429905397567,0.03813998579749643,0.05407339527425825,0.00239610055974846,0.031606573358228765,0.0016356260882329715,0.0003424970156204305,0.014239072270876361,0.06564498276827706,0.10571849088157641,0.24928921164766657,0.09621448269207117
63,0.10431640551659664,0.01052778603277029,0.046971993840830985,0.051767464469708924,0.0012123524055640102,0.035213613291579696,0.0413516355701068,0.022604607575324124,0.11807926077192482,0.014933378107572316,0.00791221608077051,0.07335709221498078,0.0010370695117474082,0.08865411881210634,0.06454727402519594,0.11456322242722136,0.13426280828206186,0.04266354058706848,0.0003600996115210775,0.02566406086534773
64,0.10499129002860202,0.04432407216153244,0.022785120326839218,0.08132850069802224,0.0366944804298529,0.021383910303643536,0.09848524525658343,0.017632139894519703,0.023496199981486627,0.015537978531926391,0.02760562790861885,0.10493862589795737,0.017676428344458154,0.0344551733484263,0.021383910303643536,0.08678819676243178,0.10145692060912107,0.05042427390976604,0.021383910303643536,0.06722799499892482
65,0.0494100573276525,0.10995135144784654,9.365591304707956e-10,2.869148989775879e-06,0.004284891914353861,0.02378982422881251,1.5760649563232454e-05,0.3040055453581048,5.275064923548641e-06,0.1288579083848128,0.12527207418335273,1.726789830372952e-06,4.406280769979367e-08,7.73432400781748e-05,0.0003322977648195648,0.0001765049916718886,0.002477079079248687,0.2512979227155124,3.072090708614361e-05,1.0801803973546627e-05
66,0.0006261044798342944,0.0052882998495256735,0.0015778689707424012,0.00016396380136823215,0.11245367672468681,3.3199328642806415e-06,0.007241519268263429,0.09889892211132968,0.00037436954164438125,0.04318487194321193,0.026855665335528318,0.07425348646264356,1.595410669592421e-11,0.005120543641565407,0.0001189601970856527,0.003586430138137866,0.15943246921651438,0.08434574015507344,0.12760984033982609,0.24886394787420002
67,0.48529386700261057,0.08968519488097994,3.847649154921956e-11,0.0,0.0008849271641163885,4.287683319818784e-06,5.860396251009005e-07,0.03121943480336499,0.0,0.3202802027023952,0.0,1.929602432256167e-10,2.2498050158688535e-10,0.0,2.9134105598838177e-08,5.029290806781943e-05,0.0007794335971437996,0.07174807448648633,0.0,5.366914136720284e-05
68,3.008272906650603e-10,2.0286008810784907e-08,0.9996374642394481,1.4097753647165696e-06,1.2336410936573749e-06,4.675236810278531e-11,0.0003024596372069952,4.836110557904181e-09,2.9921447677208515e-11,5.4709207403332063e-11,4.463376637095338e-06,2.898941232033882e-09,5.539976134173648e-11,1.5348305075498495e-10,3.736433955603104e-11,7.526844644185712e-07,8.48773751615014e-06,5.143132798425175e-07,6.083831182742253e-08,4.31250571589557e-05
69,0.0011131341696329902,0.00012975478723489573,2.552877670558832e-06,4.777334454457842e-06,0.0006066586600861803,1.3147737249177302e-05,5.918834960255908e-07,2.8737840443203013e-06,9.250355200250658e-06,3.6388801160045265e-05,0.0018513858099832472,0.0001326511253001228,3.100187646137057e-10,0.0003209451246531519,0.0002044789854684163,0.8342319409048712,0.13599660259023555,6.637710875081585e-06,0.00029136057322072826,0.02504486647514488
70,1.7889710667088776e-09,5.018389966327026e-11,5.1310521603957936e-11,2.6492133530624496e-10,0.9994719998525595,3.7358154846316475e-11,5.289760405524025e-10,3.396558620433905e-11,5.151688796009565e-11,1.0252297866985542e-06,0.0005072817414963073,2.63501022643844e-11,9.386466821902054e-11,9.576748949247122e-11,2.1101221527294673e-11,3.290463011562594e-11,2.248390798107575e-11,6.7142916812194e-11,2.6389794086961203e-11,1.9689982949514857e-05
71,0.00017381050857917028,0.0002611238007050117,1.4133165821178546e-10,4.62814300379455e-10,1.0966898207128038e-09,1.0648539301521063e-10,4.450598762042604e-11,0.10447065516032114,3.1187649524088367e-11,0.0021002480147672043,0.00010808870421888301,2.46571986817094e-10,1.758058121536266e-11,1.186847984161726e-08,1.8147438360330164e-11,6.374664802438345e-07,0.005605884217705714,0.8872795379739474,9.206602160493233e-11,2.741464617870368e-11
72,1.178021214753809e-05,0.012377908702186028,2.481873093464247e-11,1.3131213501444918e-09,9.82349327362168e-12,1.1512680650147276e-11,2.945354323083699e-11,0.3726098050479125,1.399040073608977e-11,0.08633524605866065,1.3840542448811443e-05,1.4455997128313007e-11,1.4485038324957577e-11,3.808042176064377e-11,9.536617340246773e-10,5.1719124687660464e-08,0.00011445009214487969,0.5285368726196542,4.2559593343042485e-08,2.272395135659228e-11
73,0.011442408601346364,2.5266703295193877e-05,3.8180394311163587e-07,1.2197432540180846e-05,5.5056093121164324e-08,7.844479722193389e-05,1.990423395072215e-06,7.723551789120076e-06,0.2301668339958152,4.35753804445276e-05,0.023595898440239692,0.001518137913769241,0.00012915199220769953,0.00543444983776845,0.7010091356254133,0.023255059342943224,0.0032756362017311563,8.251502133509357e-07,1.1444869297285923e-07,2.7133011371748993e-06
74,0.0047134373415733824,0.00010010918480437524,2.5188681931247657e-06,7.482351860951845e-05,4.155411168714175e-06,0.9890385613434646,0.0012430525508305855,2.6508930885567735e-08,0.001699610522832456,4.162267194099202e-07,5.781468013812187e-05,4.604330945922684e-05,3.1544053791995414e-11,0.0018693719198137207,7.968644103295772e-05,0.0010558880961644397,9.282159400185693e-08,9.538279268156203e-08,7.822639243044134e-09,1.4288017694286513e-05
75,0.038676732806657024,0.016770239864690114,0.46129522920100247,0.04636819692270551,0.023335959139886755,0.00470073461701589,3.578032925894105e-05,0.0009633161612043341,0.07723663084222365,0.006226493721590082,0.014453956560910315,0.07520040996557106,1.2757367437392608e-06,0.009002118423905105,0.04112845421979957,0.14724522496314496,0.022941250938123502,0.0017898615146621376,0.0004180610080998281,0.01221007306280505
76,7.699004461945213e-05,2.8646574913939838e-06,0.03808019492302742,0.2565373029892832,1.742317016928583e-05,1.417122305782474e-05,0.3203503721172307,4.92514484283009e-08,6.9205219664406176e-06,9.768843039165924e-07,0.0013781560138081135,1.1731901917029356e-05,3.3693599692947325e-11,0.3649882884756518,8.228667481804405e-08,1.4672253709973877e-05,1.4562245407481658e-05,1.7687405938849235e-05,0.01847557636064792,1.1977239952406298e-05
77,2.6945411819006075e-05,6.828193772840992e-05,1.3035357843006412e-11,7.403849602235553e-07,3.60745380780255e-06,1.615293191326793e-08,4.032716256666383e-09,0.1297430333249636,4.215061267605636e-06,0.3710382454653317,0.004299199011552957,1.04424857586419e-10,6.329083955335964e-11,0.00010315093105992392,4.359084936887236e-05,1.2376162208430682e-06,0.00022930977526216926,0.4944373665582713,3.546945172211209e-07,7.011574692173761e-07
78,0.06334665688080467,0.03248223312244285,0.2045454615367314,0.07386780898030657,0.008031517868215942,0.0539979654213302,0.04612142193789422,0.009127709973545922,0.06353764194420526,0.004809556410776,0.008294641683976478,0.028653070658353787,0.06967388116055123,0.10520089140860342,0.052521665076906844,0.08428739088069534,0.03045410767571181,0.03797229888450912,0.00643488545448051,0.016639193039958342
79,2.433778396312737e-05,0.00256533948032057,0.00023859769605973004,0.21426837429379028,0.0002127266435529747,1.3264104014887834e-05,0.0015746489773326917,1.8077445581548588e-07,0.001789566979874775,0.00030114198176770706,0.0012295880421096177,0.006785724241949663,2.9895909559479717e-11,0.7682642133453643,0.0002733828735472693,0.0017967644591666753,0.00015042092987456104,5.438406836777422e-06,1.4204341647395224e-05,0.0004920846144751092
80,3.990444324340639e-11,4.489402778136011e-06,1.4375933057882441e-09,3.268936390406482e-11,4.679382763217887e-09,4.839531901054488e-11,4.004483860421797e-11,0.902763070466604,3.2787919700773836e-11,0.0028390243388068804,6.386379450585119e-05,1.7763759081383519e-09,3.7061252167182053e-09,1.4495698740961377e-10,2.096317469310965e-11,3.8310425507646566e-11,7.580779468326383e-11,0.0943295396415727,2.5372751107806908e-11,2.5702222101116194e-10
81,0.7288720270920234,0.001333764944456029,0.00012961845700320708,0.04444933734223829,3.089281678176008e-05,0.044427041343129955,0.00019718993601413215,6.042862644105639e-05,0.0038142919289903196,4.68563024746024e-05,0.0016747534994514296,0.00011485587866112937,5.559161099626479e-11,0.10148873049020624,0.018197233534560826,0.0457675745712454,0.0008776011778380034,0.0015142852889847556,0.00698115929258794,2.235742131971915e-05
82,7.302447073216781e-06,1.0059071893860328e-07,7.172117670948797e-09,2.5439427203806564e-07,4.3677944517025427e-10,1.3653705120281772e-06,9.75954357483355e-08,1.2619223153154962e-05,1.6765551124368303e-05,5.82439096006864e-06,2.0264547029365167e-06,4.5534441413036406e-09,0.9998690516774954,1.8781281726028477e-06,1.3722382080032724e-06,2.2088235549081257e-06,1.2537182144265203e-05,6.658359663335212e-05,1.1233601188248451e-10,6.116177646014945e-11
83,0.02207606824071222,0.053951006210514824,0.0013009605889324092,0.0021724848038885015,0.07907486504467315,0.20518952726355386,0.047519421422866796,0.00011489139076559505,0.08383467274922833,0.04042529942742129,0.08408742752870006,0.14827423660861921,1.1308986181292657e-11,0.044463080561388466,0.10495131288138655,0.014192594861984438,0.0007763297719117473,0.0001224812437460392,0.0001359371217770292,0.06733740226662045
84,0.43148551799569124,0.012940835986969677,3.0574763836492977e-06,0.04076589328933565,7.92070592513596e-05,0.08752999133859561,0.0016431982336965261,0.005510017706220862,0.020301425573369964,0.0010495360303657154,0.09349977849051051,0.00022765516505684864,1.4182735327207653e-06,0.09942673747629675,0.016257427544126974,0.08483844175804996,0.07016458728433825,0.03381657723708969,1.6502801036755246e-05,0.0004421932800815741
85,0.03876476753381798,0.0012425242920727625,0.005725413183924649,0.01690991653842097,0.002861288817398125,0.017003500997912754,0.2230559628971648,0.013138275099742587,0.09445122869472962,0.0015053975042640885,0.015901894105821456,0.046942432297603504,0.0020010332473590067,0.07540940442039487,0.15732970370726282,0.11800494829578409,0.12567431375477975,0.03745981158092427,0.00048076334405261733,0.00613741968656921
86,3.7577602726136304e-05,5.236368938608173e-07,3.44972997106328e-06,3.527681617317241e-07,5.481874272384951e-09,0.9999173179638238,7.837158727228297e-06,6.50408008413522e-10,2.708050115338181e-07,8.225209520658816e-08,1.7224976683220479e-06,7.952024488977824e-06,1.4007511165613662e-10,6.896943959259698e-07,1.4584322833725089e-08,2.0120789798384435e-05,1.8362877789178447e-06,8.464138617511656e-10,3.38088374999808e-08,2.1127652721722112e-07
87,0.03048973364894881,0.018875428570121422,0.0010519570014316973,0.0034534629237996627,0.039737836097612084,0.0070257160827041166,0.06801870178388766,0.09869820913108314,0.08566577081411017,0.05408826451626528,0.029478130285626885,0.027582164143484668,0.02772090005143333,0.009905965729011416,0.06383577514855739,0.01659192672796971,0.08191432486569464,0.2402392165264837,0.012969059845493786,0.08265745610628039
88,1.2625852800922313e-06,1.1152634083724266e-05,3.896242109636494e-11,3.32456960455391e-11,8.010032212933861e-08,9.003845557346138e-11,3.7821210957597416e-11,0.9181269702876748,5.933345420060362e-11,0.00015292641641793362,6.691048606980789e-05,3.222339000074383e-11,3.0332933869283544e-11,4.0835965002921876e-07,3.3312484575439546e-11,2.34280115762799e-09,2.7392663506959744e-05,0.0816128936253341,8.770873007380342e-11,5.58805564085031e-11
89,0.8770349433422213,0.006125278596633796,8.593009695276522e-09,1.3716231168809775e-09,6.405340023649417e-06,0.00017060111987364797,5.8082343977399635e-05,6.007556043813991e-05,4.243356345167744e-07,1.2553363013939224e-07,1.168235813342078e-05,5.953545156157492e-05,0.03301160976230517,2.9264415498617096e-05,7.721639184689868e-06,0.07342331992208113,0.008982198654280849,0.0009925497988548153,1.8318932635094635e-08,2.6153542101614885e-05
90,0.021964531845983903,0.006524026635062043,0.3841562854037172,0.06253101698439399,0.0015116441843469762,0.00022965506953033952,0.0014666320553671202,7.06251373110375e-05,0.04870593370401438,0.005084169319857684,0.024899845896221986,0.12638589400071248,1.2406797512466475e-11,0.21010196892156083,0.04718454506644294,0.05012525343693637,0.003928438924793255,6.624867612792035e-05,0.0033453218289934143,0.0017179628962192095
91,0.0002230770428859889,0.0019547230268745193,9.922435922070372e-07,5.332293217373165e-07,0.4124887205136936,4.8533591170945554e-05,0.0022004391007375587,0.001950803983338998,0.0007275770696345066,0.04307924748938487,0.0065414898027143535,0.007271078739652485,3.208651746169655e-11,7.796547868208318e-05,0.00011125976731158642,0.00011777948875114342,1.0672356556506126e-05,0.00023829151331083328,0.007345329783117831,0.5156114857471817
92,5.0758698689975096e-06,2.433559656187553e-07,1.0903084802759155e-07,6.409407326677856e-11,4.3795819627774144e-11,9.992852287683778e-08,5.645331741150274e-11,8.541034565931275e-11,4.9898369534217447e-11,6.015249838806008e-11,1.929446133827167e-10,0.9997867265475705,8.349309444517539e-11,1.2039264991475634e-09,5.836134141875411e-11,0.00020774283006238218,1.6833102811731846e-10,6.209201751323676e-11,1.5585355221197637e-10,1.5235502507337965e-10
93,3.856630001998936e-11,1.0434335214244011e-10,6.647872532576371e-11,7.857736652890062e-11,0.00043463267454919353,3.6340170766618386e-11,1.7058905607443245e-10,2.1743846830825328e-07,4.001004731289771e-11,1.1919193929443305e-08,2.7668784230821264e-08,4.672553459855601e-11,3.294073363554383e-11,1.0174553703929572e-10,2.3971452874016616e-11,3.089947966297526e-11,2.999443324948844e-11,1.1930091459656818e-10,7.378212617539875e-11,0.9995651093047391
