site,A,C,D,E,F,G,H,I,K,L,M,N,P,Q,R,S,T,V,W,Y
1,0.12411689080222839,0.003227670950112144,0.04355334838338032,0.0657943899365015,0.019084769491879854,0.07959420904880898,0.025393690926055593,0.011856469852243137,0.0932807388223689,0.016284574412276726,0.016284574412276726,0.17596812259435587,0.09036700233574195,0.032732760941162745,0.04355334838338032,0.06174825117020866,0.05981947000175484,0.025393690926055593,0.005033136049067732,0.006912890560139994
2,0.05307602442963559,0.03626712851911224,0.05837739196787065,0.054787374202765846,0.03864358180908172,0.08276520625149754,0.062202650566129274,0.05307602442963559,0.04387385325308384,0.04825608466383203,0.04981202334667528,0.062202650566129274,0.030945867768556058,0.06627856447546455,0.04674874760409328,0.04825608466383203,0.04674874760409328,0.056553903655939326,0.018624689740835986,0.04250340048173666
3,0.04804701009653362,0.008125848142641152,0.06599140561694129,0.05812446577108702,0.009225652806420159,0.042319250024310716,0.06193315103373818,0.005916265975885643,0.08240661728173461,0.027138669132399228,0.034982058006410494,0.0511953562678312,0.06393008439696214,0.0511953562678312,0.02801371122083523,0.13692277923229987,0.1554547907262189,0.026290960039955732,0.02105386030012508,0.021732707659838358
4,0.06976819333329169,0.01672872817687363,0.08993200714009754,0.08712287233019118,0.004700876890120188,0.052434673301649276,0.06976819333329169,0.012179849241005878,0.09582492513411564,0.010392772172588372,0.028691856115751348,0.10210398465425496,0.017824901012613466,0.07921107031849332,0.06976819333329169,0.05587052711650292,0.09582492513411564,0.022976503311186634,0.004140477920411802,0.014734470030153275
5,0.060990887009708714,0.018850688037739396,0.04731601274987058,0.08925861906068773,0.03789077009286686,0.03789077009286686,0.04583803997122933,0.03789077009286686,0.06708281103747923,0.06295743860751073,0.0391124961264006,0.048841640348302885,0.08376950731186289,0.05372006689661968,0.04037361472169425,0.048841640348302885,0.048841640348302885,0.04583803997122933,0.04167539602760233,0.04301915114685591
6,0.0073300867297649746,0.8291673396432165,0.020889038569449514,0.008590523279969077,0.014273590657553304,0.039405829609334676,0.010067696733249545,0.003885680518173867,0.0018142480371731089,0.004010967943987932,0.003014465241513405,0.011430323701705488,0.0017026777449040968,0.00414029505834399,0.000847083522433636,0.01039231318117571,0.012977377387052033,0.006879310484157803,0.004010967943987932,0.005170184012853039
7,0.03632788311132784,0.020519287215957846,0.24387437059241385,0.09715949027108618,0.002961106988600163,0.027302422374380634,0.01234947945097321,0.0006663391713725272,0.035193137826934645,0.004766346562044946,0.006341975023305091,0.23625666021919906,0.09715949027108618,0.06230685227230742,0.038708317429199085,0.04682706097527125,0.024047657417378136,0.0021559222151446974,0.0022971919723684853,0.002779008639648546
8,0.000273235297854374,0.00037528206923482735,0.0002258625337984412,0.00032021915615213284,0.27607994347504755,0.00034120195512801435,0.0007079455201607138,0.060185794971643704,0.0001808712282243714,0.33398538623648427,0.04245128965523445,0.00018670312574710192,0.0002258625337984412,0.00014951228563362824,7.20590535868794e-05,0.0001808712282243714,0.00046863262818867157,0.002364393094498706,0.22821398279748817,0.05301095115387102
9,0.06628956609545031,0.0012955811826022572,0.16638957412463,0.10670301568801727,0.027261286289875515,0.06421893147298241,0.10337001817997489,0.00742130355131588,0.030951004492322094,0.011572564555846241,0.019848392156051987,0.0910471148066611,0.012330872705266784,0.06421893147298241,0.02814028196840957,0.0827789444993674,0.034042469089654415,0.012728461568287839,0.031948969111663734,0.037442716988637895
10,0.09901543432808199,0.00401523232421981,0.21206711336264844,0.300660543147925,0.0010930613321117394,0.026954839423222045,0.009458611994142753,0.009163160829967668,0.0508485733284017,0.019012255242364898,0.028721092210347396,0.02611287247366591,0.022999915641904525,0.061513633293667186,0.010738801508077364,0.06554439840212277,0.040719652598834435,0.009163160829967668,0.0008753259885061207,0.001322321739820627
11,0.0005602822778278541,0.0006361144926774308,0.0002700340678404784,0.0002615992277434525,0.010383892729174792,0.00020294560387841486,0.0005094019253523661,0.5843688279313665,0.00025342786005948703,0.07667125401833236,0.009146012452152014,0.00030658221911981606,0.0005602822778278541,0.0005427811845011144,0.0002615992277434525,0.00029700575339625904,0.002570086507383727,0.3000978726149253,0.007095368882364557,0.0050046287463330445
12,0.0006672981730391982,0.0006066994934198597,0.00025754724039591894,0.000219758860733861,0.8156626900239609,0.0004559683748406094,0.000517682073691797,0.06862884757953765,0.0006888141134155322,0.05673017186177307,0.03524378812528331,0.00041456097619950157,0.0003216115291507725,0.0005015116491686712,0.0003651405064927183,0.00038906683850156373,0.0005877485023287426,0.016455540575139756,0.0005516039009060679,0.0007339496020203474
13,0.007598326209501428,0.0009356194846804134,0.004720482773910033,0.004291806306893871,0.00027139216906593613,0.013032077514711613,0.009488392527396208,5.731579951364717e-05,0.0005812563897093166,0.00026291490703761846,0.00011160881045870281,0.9453601949422752,3.6755720343962617e-05,0.011119958044302053,0.0002891755128095361,0.00026291490703761846,0.00038476931035469765,4.890619205939306e-05,8.38802215506886e-05,0.0010622522563875619
14,0.45638874000804036,0.0034426378654126358,0.004164702160829385,0.023110929421134387,0.00023195980875211514,0.007142983847909411,0.00520066232642534,0.0057201176309797435,0.07477478181124239,0.0012080419138846268,0.0107906345216576,0.058009396206786426,3.566717996882961e-05,0.2419317671320404,0.03174230226918142,0.06380352139359226,0.009207388692767842,0.002428221098874995,0.00011912107869458511,0.0005464236318251225
15,0.01743174162878175,0.0003630148889071226,0.04812469804535265,0.07746393155025938,2.7769895358405257e-05,0.0012918392765078283,0.0006634135842131812,0.000911182503128522,0.060095606943767255,0.007884755868450591,0.001137837072981646,0.002079409395878853,0.13286030801032622,0.000911182503128522,0.01635974680313956,0.23521936647879998,0.3908289218744186,0.006116900859989751,7.42710184800921e-05,0.00015410179813016474
16,0.026940861175663463,0.015217161611498057,0.05956127736943206,0.08180597306788312,0.0237291985010614,0.006062513506254775,0.06980306764299456,0.057700808967783776,0.09287812075335466,0.02024755388838376,0.0260993308535445,0.10215502232360836,0.0009030808833296915,0.05956127736943206,0.06346411168080522,0.06762268455815229,0.10215502232360836,0.06551040837114694,0.015217161611498057,0.04336536354056498
17,0.0005019800613970755,9.949455359947151e-05,0.0020935388275018277,0.00023437756573916292,0.4061718430778326,0.0008887186383583582,0.025684257308941902,0.00044213822426828354,0.00044213822426828354,0.0003322914387782523,0.003706455931635171,0.06050395210698326,0.0007827730837441996,0.000141059526161996,0.00016015143164929119,0.0005019800613970755,0.0002835362860237482,0.0007346351114580412,0.4913629660352177,0.004931712505044151
18,0.13428079338169605,0.003382907813630835,0.03773373993055033,0.017618114326181017,0.003382907813630835,0.023442198245533286,0.0552223731007538,6.61164639320073e-05,0.012038550803274746,0.0005201710695307277,0.0027090402331502333,0.09471326012503092,0.4778569922940253,0.030217264333128394,0.002463026879903832,0.07829214264824494,0.0030756991997569105,0.001150002338450149,0.001187082286734803,0.02064761671286084
19,0.016616931171571012,0.0009553482577665625,0.016097881266289117,0.0006955697784808504,0.00021498242680967735,0.0008151756718810696,0.08654063582560483,0.00011763675577710312,0.0008685911747468111,0.00016678083803414078,0.0012314549400513854,0.0922113295673338,0.17955950874200172,0.0020461249163367134,0.000295273160590181,0.5996919966734023,0.0013121477123559826,0.00016678083803414078,0.00016678083803414078,0.00022906944489847498
20,0.008705016981255103,0.028164845020956335,0.0008315610448699916,0.0003312937191907342,0.001216968536921636,0.00012387055008932692,0.0004696954090333087,0.0023697551447249975,0.00036438417363626806,0.0003761331465404351,0.000291799670900395,0.0003209453599304739,0.03001038508284074,0.00026530076009207375,0.0002489856351829212,0.000756045325843679,0.0006054428079721873,0.9241415444748603,0.00024120826828984837,0.0001648188868693021
21,0.00672092058465824,0.0012111426577285163,8.160498729208119e-05,0.0008542641631844772,0.04962507056102088,0.0006025444284738058,0.10628489927563499,0.0020123750277969404,0.00037433251965010035,0.0005837232258523173,0.001888620576693327,0.0002725439499726612,0.0003297077478801474,0.0015611768764340847,0.00016402986489008666,0.0029450599068148527,0.008392734254150819,0.011898893700854332,0.09069034613657942,0.713506009554438
22,0.2621659895066914,0.042953304814982836,0.06286107416781554,0.13897424621421728,0.007989971350565651,0.011693120793151,0.0691397972182513,0.0005215362760840893,0.07136909712447526,0.004963793483519661,0.013275743130744769,0.07367027716734757,0.0001211456621437561,0.03905262943141326,0.05536730608543005,0.11487928400598135,0.005123842902125771,0.0008944997870929602,0.003614037818866377,0.02136930305910043
23,0.0009978904030237654,0.0002987878970192241,0.00039755929525795656,0.0010975622199346164,0.06581428992235061,0.0006818637960051163,0.00033922777687595684,0.00033922777687595684,0.0007265438555381866,0.00022455570394158377,0.00031836638337499423,0.0008789303096608216,0.0014147703800832282,0.000423609912821347,0.00030842182505495705,0.0015074751477774317,0.0010632785390060529,0.00036145614177065914,0.9167155471721988,0.006090635541428733
24,0.010638600582574051,0.0018572438963988258,0.06702647372376415,0.33816879595772437,0.00021462784272271927,0.004238415899504647,0.010981624893250299,0.0013522217841514111,0.08639789889219883,0.00041793638788719376,0.002471199743833506,0.04436894032786,3.6298476297348395e-05,0.2310725288102826,0.0691876329634309,0.07609826870492126,0.047276275937819766,0.007042343244335252,0.00022869162620336265,0.000923980304839482
25,0.0003797743694964199,0.011329493022767203,0.00224555303585434,0.001117164408306858,0.0002854215372577585,0.0007879777929642223,0.009365217528145934,0.00031393016217064055,0.0008666830075570886,0.00040465960543011796,0.0002678690506742055,0.0007879777929642223,0.0009839854721118203,0.001117164408306858,0.9631737538873596,0.002175410475923675,0.003183658157655446,0.0005737107221834492,0.00040465960543011796,0.0002359359574400301
26,0.03606414317412948,0.019734026012467456,0.028880247472055053,0.010134249024598264,0.0016603964848514463,0.00013111238330992998,0.03384631688360823,0.07482796688248906,0.10608819448148657,0.022404956291087397,0.06803268978615554,0.004731742950843957,1.6665069762474376e-05,0.07022629282033399,0.2065813840208405,0.022404956291087397,0.16543083984652357,0.12044685452712085,0.0012089011580536184,0.007148064439195175
27,0.04755848456197216,0.01722664762196389,0.01778209275592878,0.0741613153222997,0.0027342542915523493,0.0019285716999575039,0.08971602656084506,0.08691363816506573,0.13990055815535302,0.027728877404501754,0.015173031710607581,0.08971602656084506,0.010702106109897394,0.08156873503519989,0.07902083712572197,0.03574284328699395,0.0741613153222997,0.08156873503519989,0.005856111410748911,0.020839791863045735
28,0.0005184080585443218,0.0027869110388764155,5.803724164321841e-05,0.0001027506515372058,0.49159289350231195,0.00019383250470152939,0.0017313767780837415,0.050037351246703964,4.36182113868628e-05,0.07802678781456944,0.1141902285985958,7.722282300112412e-05,5.2766763835210105e-05,7.481067490046228e-05,5.4468142005271096e-05,0.00013671730689211652,9.643182412885423e-05,0.007693967423412342,0.18380632837496433,0.06872509101990577
29,0.07802679394755653,0.03312279913876118,0.04847437798502153,0.07094102497771639,0.03208816852146293,0.04549336303638507,0.10057743873184372,0.01090820999838566,0.05165072802279807,0.002615525373969709,0.040070027269447354,0.06248403317877723,0.015465237824394835,0.08054264055730513,0.05331612143976381,0.06872509642176976,0.12167270935625639,0.040070027269447354,0.008462461011260941,0.03529321593767665
30,0.004540809637768811,0.006859628731755334,0.35097901876793813,0.05064924596978769,0.057504441385285196,0.13123087340984724,0.11931353574097545,0.0004337682987947875,0.03248056445683579,0.0056703256806029285,0.0064377841069975395,0.14433854490154896,0.002120131836358602,0.015654357264409252,0.02684917594846936,0.0236484432148247,0.0036362906344140924,0.0005083564228207541,0.014232753821090835,0.002911949769474313
31,0.019196483919367978,0.5206671893766863,0.06617952335961223,0.027216031709064344,0.017453212881251047,0.007177555399123114,0.006321907666857017,0.019196483919367978,0.017453212881251047,0.010504170615772985,0.008149012010656835,0.024744489521955022,0.16611336227063708,0.021113877277141126,0.0067361593290989905,0.015868251767238037,0.01690804070719903,0.015868251767238037,0.010842860451596248,0.0022899231688853793
32,0.014887171062625881,0.03857227138811809,0.02044716918094791,0.035069446398514136,0.04972010339030449,0.005931045351381375,0.05132324696730346,0.037367419926449714,0.06828935876662508,0.037367419926449714,0.0308887622220629,0.023963138409418407,0.0017758709396293103,0.06408978761629468,0.04972010339030449,0.07511027260979025,0.15584313106353936,0.05468627304870634,0.060148476290997316,0.12479953205053694
33,0.15528504416170652,0.0748412966270148,5.666215059659705e-06,0.0019462546751727418,0.0772544320752663,0.047994545872942454,0.010136054324890204,0.007379856512133279,0.0009682632375576847,0.056247392266022385,0.03967338709344126,6.734369555688598e-05,0.03723360416264979,0.052788362482934864,0.0013727661319010386,0.009215578990991518,0.009215578990991518,0.04227304014379942,0.3433066050239998,0.03279492731596782
34,0.003916223323421978,0.032829799302531444,0.8904442814865509,0.01975852901707439,6.129318603153204e-05,0.0034493641465296594,0.00018030328375491912,3.688914402408731e-05,0.012275044962701218,0.00013550793459334812,2.189230923681394e-06,0.009829883786278835,0.00028115968797892574,0.007387703770175754,0.003916223323421978,0.004446270230513164,5.0666346589815e-05,0.0012897154685961257,0.009522835499473083,0.00018611686883527315
35,0.004643545671634735,0.0016294475398445471,0.00016067451500781114,0.0003666752764000278,0.13000807983235116,0.0012641062353832791,0.00024272488994936132,0.031172798440158165,0.00024272488994936132,0.07343321168205783,0.03892696096776722,0.00020064193422450572,0.001186367856037669,0.000378498122173105,0.00024272488994936132,0.0008916213531536243,0.0014814741549125311,0.02925577377674408,0.6559300136073587,0.028341934364943006
36,0.10274008258652462,0.0021395555567939165,0.14111101709478768,0.10274008258652462,0.009507850031795358,0.049516687443092816,0.013058801926126982,0.019111226015250414,0.06183385052999506,0.03605210041039664,0.039653075367634585,0.08227449065049984,0.004439273423855164,0.07721487984752314,0.05111327220490446,0.07020284241841579,0.07970454761238226,0.03605210041039664,0.020363515286383586,0.0011707485967163724
37,0.09805261981731478,0.011331210890237349,0.0322913097826775,0.06091548191305603,0.23842842751796028,0.025051218309777554,0.029358871458896332,0.033332490358361465,0.05365365096081138,0.03666182378627517,0.04435133252807158,0.029358871458896332,0.018239286279899347,0.05538362535859476,0.031282651739199405,0.05901271329767737,0.04162387132580549,0.02277626715036661,0.05538362535859476,0.02351065070752637
38,0.001512394270526922,0.0011011437338939146,0.0019494936852660026,0.00036263562863155267,0.20696204374157942,0.015337635363425728,0.0007766778127895579,0.24254996160038902,0.0009698746476364321,0.4160034478138051,0.041020745120421094,0.0008542543567872833,0.0012501796243965316,0.000752417343693274,0.0004980712600450825,0.0006627204820114429,0.0007061461496646258,0.035002014388738435,0.014858545807090897,0.016869597169207672
39,0.058632108622621894,0.011621129846806869,0.007219661507375986,0.05502642662030471,0.07092969955622924,0.01812165132905769,0.03311751123009058,0.05502642662030471,0.046952725277677576,0.10056138198772285,0.11785329763200425,0.0500293669368144,0.011621129846806869,0.05330760975632598,0.04006363026647241,0.04406528697005809,0.06656775612407737,0.07321671194173061,0.04846663926455364,0.03759984866296422
40,0.059158588160006485,0.0022514451994527502,0.08125288918392494,0.0715666037421173,0.004247206763940963,0.12670338828321684,0.08657709608160934,0.0004908180487815907,0.11519720057961533,0.012896650922894225,0.017713237940152577,0.13078873222378987,0.04042337652196528,0.052106199291038956,0.07871485710090409,0.076256103513936,0.028512117624849027,0.0006129079191871141,0.004525510806733575,0.010005070091883679
41,0.04685266334244745,0.03634774512664076,0.12139402698461699,0.05319400479382029,0.016440875662075555,0.02910735655745705,0.04259787942438187,0.013165890438196716,0.010543274859163836,0.02330923700524031,0.05153242583771111,0.07077853978944436,0.009286394386321528,0.06435099925371862,0.05490915865121741,0.1615236905443481,0.10034707352252518,0.019267947341554233,0.028198153136671265,0.04685266334244745
42,0.08256258808661564,0.0033480434106686035,0.03395349348676416,0.10642412977271994,0.016364251247017233,0.07998364597728666,0.024720853103822094,0.009243114177135702,0.18253066141060273,0.010166339795057213,0.06011215348889598,0.004746726328155658,0.041074952760122546,0.15574901963200308,0.096759542030045,0.01979651511229714,0.03395349348676416,0.01743654123251656,0.015853094104216696,0.00522084135729336
43,0.044612672246569056,0.020179281955545005,0.029531868272410673,0.05750624987307502,0.019548957723017537,0.022194839666462907,0.047535978724467305,0.040561306392951454,0.13123500055944634,0.039294325021722684,0.03572592889978444,0.19825173311864316,0.02150155705563199,0.06325011953171757,0.05065083886488752,0.04321914157205014,0.05065083886488752,0.024411716378472625,0.024411716378472625,0.03572592889978444
44,0.010301587794706173,0.002470072016693685,0.04032129931001283,0.004514082975474576,0.23096707931650654,0.006399892079919422,0.034405194115284525,0.050351130567364136,0.004514082975474576,0.020059878242286208,0.01370702101577377,0.08366096027460652,0.006199983724784647,0.014605192349394804,0.0030844967982579727,0.0070391294848549,0.014605192349394804,0.015562217590338968,0.2794104787999861,0.15782102821888472
45,0.06644154616589149,0.007925724136821594,0.17214831074191358,0.20174987357662214,0.0007105575583147669,0.016444750132182953,0.07543417328114355,0.00040134831357635633,0.009897229942560759,0.0012985515221442395,0.004336896222059043,0.024066475494331767,0.006762829623494494,0.07079521951759848,0.0057705597276510616,0.22190116113283437,0.10360701147424202,0.0012985515221442395,0.0015709117663975343,0.0074383181480756535
46,0.003967019775222305,0.009053134982192424,0.009053134982192424,0.024993451409495084,0.021326310462943667,0.0004884787643322366,0.15746647326046823,0.05023801355624077,0.01878396725965054,0.07352206098705133,0.08086563036040594,0.014117194949617063,3.0888931586178383e-05,0.11464816001235424,0.00479906875942671,0.06475737980287183,0.13016538096724714,0.06684537581284195,0.0402307149515056,0.11464816001235424
47,0.0005293238771759996,0.01012644232433814,8.401553886458429e-05,2.0794436968687865e-05,0.5181284482865637,4.745498016723997e-05,0.00012691908498339721,0.08489022246723886,0.0002394247021183141,0.040913755440529595,0.0822385738880859,0.0002394247021183141,0.0005127898068669345,4.3145498655550426e-05,4.898508854321247e-05,0.0003733519054125148,0.003129818478584716,0.14559732353301538,0.10600647172793627,0.006703314231832788
48,0.040142799270858655,0.015493324561177291,0.05874797045625617,0.11082427302705994,0.001011309107538478,5.632649301557298e-05,0.017040836997736186,0.04856241330078053,0.14745985470515405,0.029227161686262403,0.018742918889795006,0.06461586630679937,2.2440461196709297e-05,0.1040089444287741,0.24501203662313248,0.028314216007648337,0.029227161686262403,0.03888889047481474,0.000293347217308918,0.00230790829842872
49,6.634844010359335e-05,0.9949640072570045,0.00011024130241450125,6.848773725591417e-05,0.0002948420836025449,8.28524632827836e-05,8.28524632827836e-05,0.00013336348704898952,6.848773725591417e-05,0.00025158165270684795,0.00011746501480947065,8.552390572343301e-05,0.00011024130241450125,0.00011746501480947065,8.026446657176175e-05,8.828148446505568e-05,9.11279768320785e-05,0.0002948420836025449,0.002806200221090087,8.552390572343301e-05
50,7.82492319236086e-05,0.00013420719613484793,7.114326291697754e-05,6.266216201340808e-05,0.13997676708484533,8.606496308413663e-05,0.001595069806367581,0.000434223722707786,8.337662006365538e-05,0.00011451576992066018,9.771354993025196e-05,8.077225068281545e-05,7.82492319236086e-05,0.00014761215026682268,7.114326291697754e-05,0.00013001507234720666,0.00023760393246477667,0.00016759093013621028,0.27257127351900035,0.583781746280353
51,0.001865440147306378,0.0006341469084664894,0.0010876410723872154,0.0006757002535612077,0.00022252588710664642,0.3506129976318929,0.030451326931405277,0.00020884127631847952,0.08406853112339358,0.0005411022922562214,0.0012348494256484487,0.3187731311789346,0.00017819923400228254,0.02362378125616525,0.16898170392848583,0.014676344421077962,0.0013157646262729682,0.00046170956094854036,0.00018394497743274795,0.00020231786693723875
52,0.0033728174998067626,0.06875312669627362,0.00020016393890000082,0.0009477827406720215,0.1959303850385351,0.00019391157662840123,0.0011465721874875294,0.22244886624305313,0.0004867261403789713,0.1256470728921193,0.06055695771218506,0.0004425255676292391,0.0009181776025936222,0.0003658017348424856,0.0002499542622608166,0.0006273956174087527,0.01597040021954423,0.2777825144633843,0.0033728174998067626,0.020586030366489698
53,0.045970337564969314,0.018905094828895852,0.2042849853049348,0.11910794394046771,0.0022551637498045055,0.0024804152079740548,0.04898260692314879,0.039225382478564316,0.04898260692314879,0.03141177506137421,0.014666350201123604,0.13100474658040598,0.024368885618329478,0.08138708874593487,0.010344724712306989,0.06517496485813684,0.053875113569436285,0.052192259358478904,0.0017495295112171473,0.003630024861347726
54,0.08791913838658122,0.000752953659215367,0.0007294342426960267,0.05819907848393993,0.020422399597825092,0.011907238423796297,0.031846094974677795,0.06401214961625482,0.14151906182388188,0.07267596654350471,0.0967007242578088,0.013954733777487523,0.07993502586424137,0.05819907848393993,0.07501928445762494,0.023934109601397944,0.026324708992760126,0.05638116000894113,0.05638116000894113,0.02318649879448398
55,0.05001726277592624,0.014055162604379294,0.10712488014793718,0.13377194980427087,0.034177060485635555,0.04134541105393389,0.051629987772269105,0.023353366390153486,0.068697499991439,0.04694136548290711,0.042678526346337356,0.0605079623548216,0.008194833883937566,0.0605079623548216,0.051629987772269105,0.05501311346521814,0.05501311346521814,0.015459027787881382,0.028251538288374393,0.051629987772269105
56,0.09132801355104941,0.019909628456033605,0.12543681644972168,0.1379657628802837,0.0026964401301659527,0.04001929016870182,0.05324861199170028,0.019909628456033605,0.07792799557942097,0.02189825249352281,0.04997399734083359,0.05158532731384293,0.00028330980103009727,0.10368893557099614,0.05158532731384293,0.06863807596337448,0.05673780025449032,0.01928772717609198,0.0006673879032895469,0.007211671205574117
57,0.0021246396183735505,0.0027386850110468434,0.0022638595405800343,0.0025702648827873333,0.022241330412345946,0.0019316968519427927,0.0015967847087706977,0.11956721780042556,0.0015469072107365863,0.7533104490501276,0.05408285312522165,0.001701416214750868,0.001756275603418423,0.005504885758154046,0.0010910914461408864,0.0021931451548744514,0.0024899795563220863,0.008860940657950225,0.011065079440714456,0.0013624979553159247
58,0.05121596517803108,0.00417464326098541,0.1168799431996779,0.05286734037671931,0.0030394734743837523,0.043701350251732524,0.07034388873180744,0.006109484724943392,0.07495326842719345,0.008661790914342512,0.033902993497510234,0.17105083787737316,0.10626584216051956,0.09661562883199255,0.03612453360081655,0.07261201260347899,0.032843992567557434,0.013085038696684138,0.002512498149866972,0.0030394734743837523
59,0.022975724123910714,0.013827879592172269,0.12749779410910161,0.18076143641117967,0.014273736998736486,0.04473972727688164,0.07433732875968406,0.0005788225903735146,0.04618228675544066,0.005336942874084282,0.01839901187571256,0.06547545821477488,0.0019331489452865066,0.11229858040303803,0.0419883810739141,0.10210052206795167,0.08711991778864751,0.0030144961475706586,0.011073397271841721,0.02608540671969741
60,0.034680144700005175,0.03153077150712446,0.00516600510289503,0.02223983109191451,0.03937397901884334,0.021545143119595482,0.049168166513972544,0.04470310712907966,0.02524991318146176,0.12341414748391726,0.1357410646232665,0.019588585649475635,0.0023366964655007895,0.07427648252453525,0.01897671252916317,0.03359686851405718,0.04330675161183157,0.032547429767519905,0.0097453368267202,0.2328128626391207
61,0.05446341001881874,0.07970582173763016,0.04797074076268533,0.07721611417393079,0.013480077162410902,0.013059010678948997,0.05111408928137713,0.030762881214736713,0.07246757690132807,0.02312001428224541,0.028871065113608096,0.15035991339776775,0.03277866115808611,0.07721611417393079,0.06382860243294348,0.04951747899719549,0.05111408928137713,0.052762179658067114,0.012255924436968149,0.017936235135943765
62,0.10328345905695352,0.06021921010479688,0.0010700601881476327,0.0008845361756323024,0.09693186573705992,0.003930740325440303,0.009866322066473903,0.07762325745263947,0.0013793199434176413,0.0467173548837245,0.06623405709189475,0.004462752057155773,0.03295149569810871,0.0032492396721042604,0.0011769405056989998,0.01921230234569808,0.06416515636016397,0.10005727552840794,0.2212081901064333,0.08537646470004806
63,0.08415341561135116,0.014691163211945664,0.050647513526364776,0.0490654772991462,0.002120059317836652,0.0446097433269115,0.04604811168517312,0.026848257579846255,0.11558267980675802,0.020177957141481666,0.011041225329709064,0.07180608385935046,0.0015435723863896243,0.09255887156906076,0.06739024567254774,0.10180388572347256,0.11930945465454856,0.0490654772991462,0.001054731184509888,0.030482073814450103
64,0.09051846626298386,0.05447830264683727,0.02625640370029713,0.07723722836536742,0.04094347101220134,0.02464172115703263,0.0876910126943944,0.023872007248942142,0.028878959698855105,0.020369409155358693,0.028878959698855105,0.09343708645671416,0.020369409155358693,0.037225312649693226,0.02464172115703263,0.07482463029576311,0.10276981893492716,0.05447830264683727,0.02464172115703263,0.06384605590551613
65,0.07709222355358143,0.11282251746257012,7.391463156636374e-05,7.160581881885089e-05,0.007364361276676578,0.03959008622256838,9.834885926749697e-05,0.2831892217432103,8.941760296488401e-05,0.1322227824169281,0.10257687935685937,4.3095775148845976e-05,2.8527740901936814e-05,0.00037292163188340125,0.0018227312286757235,0.0008510443765132757,0.007364361276676578,0.23409067448313278,0.00017973359006390825,5.555095199153833e-05
66,0.0018459261877846194,0.00961354562576026,0.003594499732384521,0.0007591288529889593,0.1038822097779161,9.347529003840547e-05,0.01597339423429258,0.10063732354778296,0.0016782939445476263,0.05506798126682486,0.032107274138885325,0.08059059645343701,7.251703052869186e-05,0.00961354562576026,0.0006901908459469829,0.010573770873514321,0.14728017522369918,0.08864018902402708,0.12174515450793752,0.21554080781594273
67,0.39926191366934877,0.11219508639443784,4.0220600046349506e-05,0.0,0.0033125360072820964,0.00011103906159540403,6.47410983434035e-05,0.06541511624418843,0.0,0.31972984405210114,0.0,0.0002969757029807528,6.27188319804977e-05,0.0,8.084529892502197e-05,0.0003951480376668933,0.0029176433502324534,0.09573336653918763,0.0,0.00038280511168341117
68,0.00033951117633462477,0.04224092819855941,0.9470640844951222,0.000224743303452225,0.00029903751198015563,0.00020433391527652393,0.004438173438148604,0.00024719123293000424,0.00014877139831425266,0.00026338877717281756,0.0003734224111799268,0.00019176805097309826,0.00011913647246058553,0.00026338877717281756,0.00018577794439650176,0.0005823040292177813,0.00042396380724911295,0.00039789142634138964,0.0006204602986138492,0.001371723335104192
69,0.003305876064581832,0.001697705843793107,0.00016740524405186295,0.000524716475038257,0.00233175789150895,0.0002299270514530218,0.00033649241884489223,0.00032598167192500824,0.00019006294881293912,0.0005416351012949187,0.005155086826251253,0.00042019414071758394,8.874155510480854e-05,0.001403362400592539,0.0013595266818558602,0.7516676639466938,0.16914809571894032,0.00034734206764279154,0.001403362400592539,0.05935506355030367
70,0.0001885596139882514,0.00014171302544882153,0.00026733252062767054,0.000313301373723098,0.9922383205750464,0.0001946394109603875,0.00012481919152973166,0.00017696381737623926,0.00020739342506136013,0.0001826697268141362,0.004227606868748383,0.0001372864480214405,0.0004585086287380709,0.0001288437826215135,0.00010993929827404865,0.00017143613890787085,0.00011714322143390437,0.00013299814008381532,0.00012481919152973166,0.0003557056010653327
71,0.0012564302304598335,0.002690969684911196,0.00015969885462915778,0.0002412509968554561,5.0950231231157626e-05,0.0001024123625563807,0.0001162735118162443,0.20799680561118605,0.00012389249299768525,0.005240019821094143,0.0007325590827506785,9.311209140570711e-05,7.945030626773342e-05,0.0005005614999892001,8.201205170868425e-05,0.00015471046811464241,0.01591132954379454,0.7640518173038112,0.0002918513614227422,0.00012389249299768525
72,0.00025755666993676696,0.021896109925061115,8.48201938002101e-05,6.792420315519852e-05,5.104881223888868e-05,5.9826851457595734e-05,4.4963202585159005e-05,0.36895548288462665,5.439385560867763e-05,0.10044025825832188,0.00025755666993676696,5.26947978638936e-05,4.641296766026053e-05,4.7909478043795174e-05,5.795808752869978e-05,7.470864433249192e-05,0.0006673226047332476,0.5067514269194959,8.217073265101114e-05,4.945424096193222e-05
73,0.013915415040070276,0.003262091691406899,0.0003415829336431808,0.0004715157066579383,5.514373317927626e-06,0.0017680566013142786,0.0003643310321022692,0.0016050780811901694,0.3495394222797687,0.0046504626862962795,0.07202713894168056,0.003711044517002393,0.007542167342026238,0.04163860432812802,0.4241272377922408,0.02828109131677418,0.04586655946187431,0.0006102336667350555,4.780751435341597e-05,0.00022464469341729442
74,0.07446398369730838,0.0034283286915225784,0.005518410086264245,0.0036529746265811583,0.0018759554954941237,0.7795101112249857,0.019638034447499023,0.0001629298813446545,0.03588871756455832,0.0005271551873174362,0.0036529746265811583,0.004147391758240043,0.0001304746177139632,0.03947337342999277,0.00401784296989552,0.02229597260899068,0.00021001849915226097,0.0002884553260811121,0.00012245085749277722,0.000994444402984087
75,0.03628894083155872,0.030964479689715992,0.345385002508394,0.0777221347495924,0.018635891277004792,0.010197418567529988,4.3447905493720016e-05,0.014457505252015718,0.11019143363576564,0.01805377671551934,0.014005907622213307,0.0777221347495924,0.0001023494649473695,0.007424534578286231,0.04390024051434393,0.10674947118186974,0.054820325235092636,0.009271370624219125,0.001519022391974293,0.022544612504870786
76,0.0002521802978906197,4.0026653872761396e-05,0.04591723675457333,0.24684657554389003,0.00030507299129406944,9.134481825851185e-05,0.3082490983178876,4.402461728063759e-05,0.0001470332082370658,8.57274121147292e-05,0.005477406421777401,6.865070563462761e-05,4.998319274948627e-05,0.28025638215797305,5.159481921343827e-05,7.794233463178762e-05,0.00012545989730874282,0.00011774452591300633,0.11165407488102162,0.000142440448477712
77,0.0003918935632711495,0.0005382563252226321,6.220227410002168e-05,0.0001419517964452977,0.00011012453400462212,7.062113080912917e-05,7.76749479404652e-05,0.16284234664820002,0.00015613030084076,0.37162248452379115,0.011325851267581505,0.00015613030084076,6.02593109772537e-05,0.0008131233960647685,0.0004592811657848947,0.000161164467543973,0.0012679609354019727,0.4495671705288439,0.0001001239051643225,7.524867717151283e-05
78,0.058931412851865025,0.03328656895982313,0.2164776182664948,0.0948589625853827,0.00877850949432466,0.053579733570831845,0.04290677190197103,0.009353733357383527,0.04871405097206104,0.007256516317370449,0.00877850949432466,0.026655959755198654,0.06481763139276923,0.10107472608594018,0.04026814643106694,0.07841258362762844,0.03328656895982313,0.04571829692233967,0.006810264410357017,0.020033434643043926
79,0.0003803018808724901,0.008260232785546573,0.0005565621747304172,0.2797728172539813,0.0017444933945659222,0.0002682411241548752,0.010990847881222168,5.847692193115677e-05,0.011711038248461196,0.0027203121778089615,0.005644260798552413,0.044406203866447974,7.302292291464094e-05,0.6185261213529651,0.0027203121778089615,0.009085285724573995,0.001049918795999693,0.00013345017105598482,0.0002080983089905107,0.0016900020374154827
80,0.0001117081110212866,0.000168753202415297,7.63307437317056e-05,0.0001634819924171759,0.000168753202415297,0.00011530995672294666,8.945610811696294e-05,0.8602748710038627,0.00013513794640632594,0.00863440802903512,0.0006198950536878417,0.00018560869901421246,0.00027163363203788494,0.00010821877331830474,0.00010483842929084148,0.0001915933485497118,0.00013513794640632594,0.12814780364793735,0.00012286579963662208,0.0001741943739757496
81,0.6398011909789664,0.004250823371814091,0.0010521086916157891,0.05215056908536935,0.00036919113979531155,0.053832079061520245,0.0010192448065162528,0.0005403018864494492,0.00970080310939079,0.0004326749734476377,0.003744075993897536,0.0006332088698088322,9.736503422222662e-05,0.11529529401507405,0.028536396440271204,0.06308871169413201,0.004118043772155826,0.004826157206160447,0.016118376974291023,0.000393382895101547
82,0.000228852772020892,0.0001952745615825056,0.0001666230828864886,0.0003045054624705962,0.00011385443477037896,0.00023623175610432498,0.00017199557221967335,0.000243848663485006,0.00035686634560670163,0.00023623175610432498,0.0001421754657934153,0.0002015708710791855,0.9954762094665768,0.00029499386674806033,0.00017199557221967335,0.0002768527133576288,0.0003683729184172086,0.0005564869828845931,0.00014675968161863815,0.0001102980540540289
83,0.028347359782156696,0.0501869076563278,0.0026233426995652775,0.0031735667347532574,0.0667773756503333,0.15730628647654835,0.04420404701120742,0.0006093662185017074,0.09772699869239058,0.04562933435397664,0.0807833677365669,0.18435570626673903,2.8055277018566663e-05,0.0501869076563278,0.10413069418868512,0.015511460583573309,0.002707928102899239,0.0006290142375647908,0.00039077696733470167,0.06469150370752967
84,0.3052373941750547,0.02568229594981194,6.18065673942882e-05,0.05860956210464869,0.0005181260197796508,0.10710960033090564,0.003478255437402951,0.009012068990429096,0.027365163582184243,0.0028752053356910744,0.09738276363802784,0.0008608926923702749,4.359448099484064e-05,0.1178079780698107,0.02191408492781489,0.10052271189620375,0.08049881518347013,0.03879726948459738,0.00025776810392514265,0.0019646430294828574
85,0.043497735314060426,0.003223549551988852,0.011113127475468299,0.025361265839439352,0.004155192609632707,0.017888248259920584,0.1872592587497422,0.017888248259920584,0.09316162907795444,0.003545525832926424,0.020964201213433824,0.04938499918147,0.005026709260901429,0.09025161312798481,0.13208095095454217,0.11270149608978342,0.12395840651782403,0.04938499918147,0.0010615997550807092,0.008091243746455591
86,0.0025058448855635462,0.0010305174531540144,0.00038530994221882056,0.00022465417577801565,0.0025058448855635462,0.9772129276368176,0.0011699943275909114,0.003230063003981264,0.000339376534540854,0.002427571795480096,0.0011699943275909114,0.000466125457187879,0.0001978727961355745,0.000339376534540854,0.00015845698295924727,0.0007041580321124573,0.0012077188849330103,0.0022782841075916506,0.0010305174531540144,0.0014153907831057772
87,0.03698402195676006,0.028691769217407712,0.011799361209764693,0.015209512900756136,0.023717271324357494,0.014274177839156313,0.04618371308259547,0.1159230449667188,0.033625429069588084,0.05767180639761749,0.04067807959468414,0.04618371308259547,0.033625429069588084,0.028691769217407712,0.04334356649783073,0.028691769217407712,0.07433962464752494,0.2645479561723779,0.01382830666240939,0.041989677873451745
88,0.00013119298165344663,0.0003090489938351841,0.00019199760729790235,0.00016382693667597474,0.0003983677230604652,0.00019818825675256178,0.00016382693667597474,0.862090036535883,0.00017456192117975395,0.0015105405642715003,0.0007280212659762383,0.00015375211844166314,0.00011927908501063964,0.00013542308520399715,0.0001442968684206986,0.00016382693667597474,0.0003983677230604652,0.13255882839306685,0.00013542308520399715,0.00013119298165344663
89,0.8030418161120787,0.013392051474416628,0.0002617378708092921,0.00022333462479168524,0.000184613498462628,0.0020592218654581565,0.0006364516223557196,0.0005786541796013286,0.0002788886034311638,0.00017884687297074872,0.0003830467476330227,0.0010244645039175677,0.061431053885951464,0.0010915939442731467,0.0002788886034311638,0.09280156092716987,0.017262509049995593,0.004410355211229005,9.78636543896876e-05,0.0003830467476330227
90,0.02739069779144209,0.013626893777481571,0.33603853948405055,0.0831719027549629,0.0037096310903637158,0.0012216792059362531,0.003267400100352642,0.0005186094789108657,0.05005679257571665,0.007945132618083686,0.03420407140713428,0.11791790372602848,2.5441390233253733e-05,0.18980658152233834,0.04849320823051624,0.06250830558273918,0.007945132618083686,0.0005024100857661491,0.007696956809308368,0.003952709750551058
91,0.0017274615940638294,0.006761433030410461,0.00021956940488998523,0.00037658892570409147,0.3805095832718014,0.00042755889825913697,0.013166273591640505,0.007676568958394687,0.003363818271097349,0.058508859183114575,0.019889789668378732,0.011234464326471922,0.0001280194935993002,0.0007813684502315391,0.0007333168582904754,0.0011803836537681983,0.00041420357991831615,0.0015705873571442007,0.04539048475632022,0.4459396667265011
92,0.0004033515148214602,0.0006492548608902977,0.0005366888872454281,0.00033341956864434494,0.00022782735664089466,0.00029367209447806684,0.00029367209447806684,0.0004033515148214602,0.00020713789943659427,0.0003129153608625798,0.00022782735664089466,0.9910158019889025,0.00022071089412058328,0.00034417013840326046,0.00027561222573860625,0.0023104642685228887,0.00036672235830913604,0.00032300480591005283,0.000810755527019072,0.0004436392841137374
93,0.00020124181354439207,0.0002594030223214121,0.0002513002557650869,0.00017171479534607557,0.0028030614542059046,0.00014652010147106053,0.00015612103188395677,0.0002284791777183588,0.0001512444029820741,0.00026776704935941263,0.0002077305273403944,0.00022134235477980742,0.00016115489972478713,0.00016635107641749453,0.0001211168601953332,0.00015612103188395677,0.00013321431847093782,0.00018886610333616806,0.00015612103188395677,0.9938511286913694
94,0.007757732047065805,0.0042449722228356905,0.00012937302244362414,0.00015650792421043945,0.00014688320119087762,0.0002952421469012481,0.09824328332831041,0.000214959846368916,0.7729287188687387,0.00020824531606574651,0.0006527259573504994,0.005135319391772705,8.563995081246371e-05,0.001084537323646502,0.10468080908279441,0.0020459100038754986,0.0011556031178274835,0.0004185828855777851,0.0001003660690892623,0.0003145882931220984
