beta = 1.95356
kappa = 1.73183
omega = 0.219196
phiA = 0.296804
phiC = 0.187696
phiG = 0.174767