beta = 1.37089
kappa = 1.75053
omega = 0.292215
phiA = 0.279935
phiC = 0.180076
phiG = 0.160835