beta = 1.48515
kappa = 1.70839
omega = 0.258242
phiA = 0.270613
phiC = 0.174934
phiG = 0.159033