beta = 1.19858
kappa = 1.74693
omega = 0.302943
phiA = 0.281045
phiC = 0.17964
phiG = 0.160803