alpha_omega = 0.300001
beta_omega = 2.02595
kappa = 1.73689
phi0A = 0.266641
phi0C = 0.126952
phi0G = 0.271571
phi1A = 0.331541
phi1C = 0.254726
phi1G = 0.175646
phi2A = 0.255118
phi2C = 0.163723
phi2G = 0.111148