beta = 1.28014
kappa = 2.13423
omega = 0.125275
phiA = 0.298408
phiC = 0.18962
phiG = 0.178603