beta = 1.00183
kappa = 2.18143
omega = 0.167663
phiA = 0.285594
phiC = 0.182335
phiG = 0.16547