beta = 1.11689
kappa = 2.18581
omega = 0.166887
phiA = 0.285321
phiC = 0.182566
phiG = 0.165826