beta = 1.26304
kappa = 2.1786
omega = 0.161254
phiA = 0.276543
phiC = 0.177892
phiG = 0.16316