kappa = 1.97663
omega = 0.0456111
phi0A = 0.267747
phi0C = 0.12981
phi0G = 0.274665
phi1A = 0.329155
phi1C = 0.260718
phi1G = 0.167201
phi2A = 0.259437
phi2C = 0.16056
phi2G = 0.116333